notodd: (0, 1); (236, 1); (281, 1)
portatil: (0, 1); (2, 2); (4, 1); (6, 1); (10, 1); (22, 1); (24, 1); (28, 1); (30, 1); (32, 1); (40, 2); (46, 1); (54, 1); (58, 1); (62, 1); (68, 1); (86, 1); (88, 1); (90, 1); (92, 1); (94, 2); (104, 1); (106, 2); (110, 1); (114, 2); (118, 1); (124, 1); (126, 2); (128, 1); (132, 1); (138, 1); (140, 2); (142, 2); (148, 1); (156, 1); (162, 1); (164, 1); (168, 1); (170, 1); (172, 1); (174, 1); (178, 1); (180, 2); (196, 1); (198, 1); (206, 1); (208, 2); (214, 2); (222, 1); (226, 1); (230, 2); (234, 2); (236, 1); (246, 1); (248, 1); (254, 2); (258, 1); (266, 1); (268, 1); (272, 2); (282, 1); (286, 1); (288, 2); (294, 1); (298, 1); (1, 1); (13, 1); (15, 1); (17, 1); (19, 1); (23, 1); (25, 1); (29, 2); (35, 2); (37, 1); (41, 2); (43, 1); (47, 1); (51, 1); (61, 1); (65, 2); (67, 1); (71, 1); (77, 1); (79, 1); (87, 2); (91, 1); (93, 2); (99, 1); (109, 1); (111, 1); (115, 2); (117, 2); (123, 1); (129, 1); (131, 1); (133, 1); (135, 2); (137, 2); (145, 1); (149, 2); (153, 1); (159, 1); (163, 1); (169, 2); (173, 1); (175, 2); (177, 2); (179, 1); (181, 1); (185, 3); (187, 1); (199, 2); (205, 1); (207, 2); (209, 2); (211, 1); (213, 1); (217, 1); (221, 1); (223, 1); (229, 1); (231, 1); (235, 1); (237, 1); (243, 1); (247, 1); (251, 1); (253, 1); (255, 1); (257, 1); (259, 1); (263, 1); (277, 1); (281, 1); (285, 1); (287, 1); (295, 1); (297, 2); (299, 1); (303, 1)
laptop: (0, 1); (8, 1); (12, 2); (14, 1); (16, 1); (18, 3); (24, 1); (26, 1); (34, 1); (36, 1); (38, 1); (44, 1); (46, 1); (50, 1); (54, 1); (62, 1); (68, 1); (70, 1); (72, 1); (76, 1); (82, 1); (86, 1); (90, 2); (98, 1); (102, 1); (104, 1); (106, 1); (110, 1); (112, 1); (118, 1); (120, 1); (124, 1); (126, 1); (130, 1); (132, 1); (136, 1); (138, 1); (140, 2); (144, 2); (160, 1); (170, 1); (172, 1); (178, 1); (184, 1); (188, 3); (190, 1); (194, 1); (202, 1); (204, 1); (206, 2); (210, 2); (214, 1); (218, 1); (226, 1); (234, 1); (236, 1); (242, 1); (244, 1); (250, 1); (252, 1); (258, 1); (266, 1); (270, 1); (272, 1); (280, 1); (282, 1); (286, 1); (288, 2); (290, 2); (296, 1); (298, 1); (1, 1); (9, 1); (19, 1); (25, 1); (27, 1); (31, 1); (35, 1); (41, 1); (45, 1); (47, 1); (51, 1); (55, 1); (65, 1); (67, 1); (73, 1); (77, 1); (79, 1); (87, 1); (91, 1); (93, 1); (95, 1); (99, 1); (109, 1); (111, 1); (113, 1); (119, 1); (125, 1); (127, 1); (131, 1); (135, 1); (137, 1); (147, 1); (149, 1); (151, 1); (153, 1); (157, 1); (159, 1); (171, 1); (173, 1); (175, 1); (177, 2); (179, 1); (183, 1); (185, 1); (187, 1); (191, 1); (193, 1); (199, 1); (201, 1); (205, 1); (207, 1); (215, 1); (217, 1); (219, 2); (225, 1); (229, 1); (235, 1); (237, 1); (245, 1); (247, 1); (255, 1); (259, 1); (263, 1); (265, 1); (275, 1); (277, 1); (281, 1); (289, 1); (299, 1)
512gb: (0, 1); (2, 1); (20, 1); (28, 1); (40, 1); (52, 1); (66, 1); (68, 1); (106, 1); (114, 1); (120, 1); (138, 1); (142, 1); (154, 1); (180, 1); (186, 1); (222, 1); (234, 1); (260, 1); (264, 1); (274, 1); (286, 1); (3, 1); (5, 1); (39, 1); (57, 1); (59, 1); (67, 1); (85, 1); (87, 1); (89, 1); (101, 1); (103, 1); (199, 1); (255, 1); (261, 1); (273, 1); (297, 1)
ssd: (0, 1); (2, 1); (4, 1); (6, 1); (20, 1); (22, 1); (28, 2); (30, 1); (32, 1); (40, 1); (48, 1); (52, 1); (56, 1); (58, 1); (64, 1); (66, 1); (68, 1); (80, 1); (94, 1); (96, 1); (102, 1); (106, 1); (108, 1); (114, 1); (118, 1); (122, 1); (128, 1); (134, 1); (138, 1); (142, 1); (146, 1); (152, 1); (154, 1); (156, 1); (158, 1); (160, 1); (166, 1); (180, 1); (182, 1); (186, 1); (196, 1); (198, 1); (200, 1); (206, 1); (216, 1); (220, 1); (222, 1); (224, 1); (234, 1); (236, 1); (240, 1); (248, 1); (254, 1); (260, 1); (262, 1); (264, 1); (268, 1); (274, 1); (286, 1); (292, 1); (294, 1); (296, 1); (300, 1); (302, 1); (1, 1); (3, 1); (7, 1); (13, 1); (15, 1); (21, 1); (23, 1); (29, 1); (31, 1); (33, 1); (35, 1); (37, 1); (39, 1); (41, 1); (43, 1); (49, 1); (53, 1); (57, 1); (59, 1); (61, 1); (67, 1); (69, 1); (71, 1); (75, 1); (83, 1); (85, 1); (89, 1); (91, 1); (97, 1); (99, 1); (101, 1); (103, 1); (105, 1); (107, 1); (117, 1); (133, 1); (139, 1); (141, 1); (143, 1); (165, 1); (167, 1); (169, 1); (173, 1); (175, 1); (181, 1); (195, 1); (199, 1); (203, 1); (207, 1); (209, 1); (213, 1); (223, 1); (229, 1); (233, 1); (249, 1); (253, 1); (255, 1); (261, 1); (267, 1); (269, 1); (271, 1); (273, 1); (279, 1); (281, 1); (283, 1); (285, 1); (293, 1); (297, 1); (301, 1); (303, 1)
espansion: (0, 1); (156, 1); (198, 1); (209, 1)
16: (0, 1); (22, 1); (38, 1); (44, 1); (46, 1); (64, 3); (66, 1); (82, 1); (96, 1); (114, 1); (138, 1); (158, 1); (180, 1); (200, 1); (206, 1); (208, 1); (210, 1); (220, 1); (264, 1); (25, 5); (61, 1); (71, 1); (87, 1); (91, 1); (93, 1); (105, 1); (139, 1); (143, 2); (169, 1); (181, 1); (183, 2); (185, 1); (195, 1); (213, 1); (217, 1); (219, 2); (253, 1); (277, 1); (289, 1)
fin: (0, 1); (2, 1); (18, 1); (40, 1); (62, 1); (72, 1); (90, 1); (114, 1); (118, 1); (124, 1); (134, 1); (142, 1); (148, 1); (180, 1); (184, 1); (186, 1); (188, 1); (192, 1); (204, 1); (210, 1); (214, 1); (232, 1); (234, 1); (236, 1); (252, 1); (280, 1); (288, 1); (1, 1); (5, 1); (11, 1); (29, 1); (51, 1); (85, 1); (87, 1); (97, 1); (199, 1); (207, 1); (217, 1); (255, 1); (261, 1); (281, 1); (299, 1)
ventol: (0, 1); (1, 1); (5, 1); (217, 1); (223, 1); (267, 1)
raffredd: (0, 1); (1, 1); (65, 1); (177, 1); (217, 1)
5g: (0, 1); (2, 1); (30, 1); (32, 1); (74, 1); (142, 1); (156, 1); (198, 1); (234, 1); (236, 1); (268, 1); (11, 1); (23, 1); (35, 1); (41, 1); (87, 1); (91, 1); (209, 1); (281, 1)
dopp: (0, 1); (272, 1); (5, 1)
viol: (0, 1)
ddr4: (2, 1); (4, 1); (22, 1); (58, 1); (96, 1); (106, 1); (122, 1); (134, 1); (180, 1); (186, 1); (220, 1); (234, 1); (262, 1); (274, 1); (294, 1); (296, 1); (3, 1); (11, 1); (41, 1); (59, 1); (61, 1); (71, 1); (85, 1); (175, 1); (181, 1); (199, 1); (203, 1); (213, 1); (249, 1); (255, 1); (269, 1); (273, 1); (285, 1); (303, 1)
n100: (2, 1); (180, 1); (186, 1); (5, 1); (199, 1); (261, 1)
n95: (2, 1); (142, 1); (180, 1); (206, 1); (234, 1); (67, 1); (91, 1); (199, 1)
3.6ghz: (2, 1); (255, 1)
full: (2, 1); (68, 1); (120, 1); (136, 1); (138, 1); (180, 1); (196, 1); (206, 1); (208, 1); (232, 1); (262, 1); (3, 1); (35, 1); (41, 1); (59, 1); (61, 1); (91, 1); (113, 1); (167, 1); (189, 1); (199, 1); (211, 1); (285, 1)
hd: (2, 1); (6, 1); (40, 1); (58, 1); (120, 1); (136, 1); (138, 1); (180, 1); (196, 1); (208, 1); (222, 1); (232, 1); (262, 1); (296, 1); (302, 1); (3, 1); (41, 1); (43, 1); (59, 1); (61, 1); (63, 2); (107, 1); (113, 1); (117, 1); (167, 1); (189, 1); (195, 1); (197, 1); (199, 1); (211, 1); (253, 1); (279, 1); (285, 1)
type: (2, 1); (142, 1); (214, 1); (216, 1); (286, 1); (197, 1); (255, 1)
usb3.2: (2, 1); (180, 1); (186, 1); (255, 1)
hdmi: (2, 1); (20, 1); (32, 1); (68, 1); (118, 1); (146, 1); (152, 1); (156, 1); (158, 1); (162, 2); (166, 1); (180, 1); (196, 1); (202, 2); (206, 1); (214, 1); (224, 1); (232, 1); (234, 1); (250, 2); (254, 1); (262, 1); (272, 1); (274, 1); (284, 1); (292, 1); (300, 1); (302, 1); (5, 1); (11, 1); (21, 1); (41, 1); (49, 1); (69, 1); (75, 1); (99, 1); (101, 1); (105, 1); (139, 1); (169, 1); (175, 1); (189, 1); (195, 1); (199, 1); (209, 1); (229, 1); (231, 1); (249, 1); (255, 1); (269, 1); (279, 1); (283, 1); (301, 1)
250: (4, 1); (6, 1); (58, 1); (88, 1); (208, 1); (294, 1); (125, 1); (181, 1); (303, 1)
g9: (4, 1); (6, 1); (58, 1); (208, 1); (262, 1); (294, 1); (181, 1); (303, 1)
display: (4, 1); (6, 1); (22, 1); (58, 1); (64, 1); (94, 1); (96, 1); (102, 1); (122, 1); (182, 1); (186, 1); (208, 1); (216, 1); (222, 1); (240, 1); (260, 1); (296, 1); (5, 1); (13, 1); (35, 1); (37, 1); (63, 1); (67, 1); (71, 1); (81, 1); (113, 1); (115, 1); (117, 1); (143, 1); (181, 1); (211, 1); (213, 1); (253, 1); (269, 1); (285, 1); (297, 1)
1366: (4, 1); (6, 1); (294, 1); (223, 1); (303, 1)
768: (4, 1); (6, 1); (294, 1); (223, 1); (303, 1)
intel: (4, 1); (6, 1); (56, 1); (58, 1); (64, 1); (94, 1); (96, 2); (102, 2); (108, 1); (120, 1); (122, 2); (128, 2); (154, 1); (160, 2); (166, 1); (182, 1); (196, 1); (200, 2); (208, 1); (216, 1); (222, 1); (224, 1); (232, 1); (240, 1); (260, 1); (262, 1); (264, 1); (274, 1); (276, 2); (294, 1); (296, 2); (302, 1); (3, 2); (7, 1); (11, 1); (15, 1); (31, 1); (33, 1); (39, 1); (53, 1); (57, 2); (59, 2); (61, 1); (63, 2); (71, 2); (81, 1); (89, 1); (101, 1); (107, 2); (143, 1); (165, 2); (167, 1); (189, 1); (195, 1); (203, 1); (211, 1); (213, 2); (233, 1); (245, 1); (249, 1); (253, 1); (269, 1); (279, 2); (293, 1); (303, 1)
n4500: (4, 1); (6, 1); (58, 1); (94, 1); (102, 1); (232, 1); (276, 1); (294, 1); (302, 1); (63, 1); (81, 1); (115, 1); (189, 1); (303, 1)
256gb: (4, 1); (30, 1); (94, 1); (122, 1); (160, 1); (198, 1); (236, 1); (254, 1); (268, 1); (294, 1); (23, 1); (31, 1); (35, 1); (37, 1); (41, 1); (43, 1); (97, 1); (175, 1); (203, 1); (207, 1); (281, 1); (285, 1)
offic: (4, 1); (6, 1); (20, 1); (66, 1); (80, 1); (108, 1); (114, 1); (134, 1); (196, 1); (222, 1); (232, 1); (262, 1); (274, 1); (294, 1); (302, 1); (39, 1); (83, 1); (97, 1); (101, 1); (117, 1); (141, 1); (169, 1); (181, 1); (189, 1); (203, 1); (269, 1); (271, 1); (285, 1); (291, 1); (297, 1)
libr: (6, 1); (66, 1); (80, 1); (94, 1); (154, 1); (196, 1); (222, 1); (232, 1); (294, 1); (302, 1); (39, 1); (115, 1); (181, 1); (189, 1); (253, 1); (285, 1)
256: (6, 1); (58, 1); (80, 1); (118, 1); (156, 1); (302, 1); (1, 1); (15, 1); (33, 1); (83, 1); (99, 1); (209, 1); (229, 1); (233, 1); (303, 1)
windows: (6, 1); (20, 1); (22, 1); (40, 1); (50, 1); (52, 1); (56, 1); (64, 1); (66, 1); (96, 1); (102, 1); (108, 1); (118, 1); (120, 1); (122, 1); (146, 1); (150, 1); (152, 1); (158, 1); (160, 1); (166, 1); (182, 1); (200, 1); (208, 1); (216, 1); (220, 1); (224, 1); (254, 1); (260, 1); (262, 1); (264, 1); (274, 1); (286, 1); (292, 1); (296, 1); (300, 1); (7, 1); (13, 1); (15, 1); (21, 1); (31, 1); (33, 1); (35, 1); (39, 1); (49, 1); (61, 1); (67, 1); (69, 1); (71, 1); (75, 1); (85, 1); (89, 1); (91, 1); (97, 1); (101, 1); (105, 1); (107, 1); (117, 1); (139, 1); (141, 1); (167, 1); (175, 1); (193, 1); (195, 1); (199, 1); (203, 1); (213, 1); (245, 1); (249, 1); (261, 1); (265, 1); (269, 1); (271, 1); (279, 1); (283, 1); (285, 1); (301, 1); (303, 1)
bontec: (8, 1); (288, 1)
support: (8, 1); (28, 1); (30, 1); (36, 2); (62, 2); (78, 1); (140, 2); (148, 3); (156, 1); (186, 1); (190, 1); (192, 2); (198, 1); (268, 1); (272, 1); (280, 1); (288, 2); (304, 1); (1, 1); (11, 1); (35, 1); (65, 1); (79, 3); (93, 1); (119, 1); (131, 2); (135, 1); (149, 4); (161, 2); (177, 2); (185, 3); (209, 1); (227, 3); (281, 1)
smartphon: (8, 1); (218, 1); (260, 1); (27, 1); (243, 1); (251, 1)
gestion: (8, 1); (119, 1)
cav: (8, 1); (12, 1); (26, 1); (70, 1); (84, 1); (162, 2); (202, 2); (228, 3); (258, 1); (113, 2); (119, 3); (263, 1); (265, 1); (275, 1)
ergonom: (8, 1); (12, 1); (26, 1); (164, 1); (190, 1); (270, 1); (304, 1); (93, 1); (163, 1); (185, 1); (265, 1)
w420: (8, 1)
d235: (8, 1)
aliment: (10, 1); (24, 2); (84, 1); (88, 1); (132, 1); (218, 1); (228, 1); (238, 3); (111, 1); (179, 1); (221, 1); (235, 1); (251, 1); (259, 1); (275, 1)
19v: (10, 1); (24, 1)
45w: (10, 1); (17, 1)
2.37a: (10, 1)
asus: (10, 1); (44, 1); (46, 1); (82, 1); (128, 1); (226, 1); (276, 1); (25, 1); (55, 1); (57, 1); (79, 1); (219, 1); (289, 1)
vivobook: (10, 1); (25, 1); (57, 1)
14: (10, 1); (28, 1); (30, 1); (32, 1); (118, 1); (122, 2); (124, 1); (156, 1); (198, 1); (222, 1); (226, 2); (236, 1); (248, 1); (268, 1); (276, 1); (1, 1); (3, 2); (35, 1); (41, 1); (55, 1); (59, 2); (77, 1); (165, 1); (183, 2); (187, 1); (207, 1); (209, 1); (211, 1); (223, 1); (229, 1); (253, 1); (281, 1); (299, 1)
15: (10, 1); (22, 1); (38, 1); (40, 1); (42, 1); (44, 2); (46, 1); (52, 1); (58, 1); (62, 1); (68, 1); (82, 2); (86, 1); (88, 1); (94, 1); (112, 2); (126, 2); (128, 1); (142, 1); (144, 1); (150, 1); (178, 2); (182, 1); (200, 1); (204, 1); (206, 1); (208, 1); (214, 1); (226, 1); (252, 1); (262, 1); (272, 1); (284, 1); (286, 1); (298, 1); (43, 1); (51, 1); (57, 2); (63, 1); (67, 1); (89, 1); (91, 1); (95, 3); (99, 1); (107, 1); (115, 1); (125, 2); (129, 1); (135, 1); (145, 1); (153, 1); (159, 1); (171, 1); (175, 1); (177, 1); (219, 2); (225, 1); (273, 1); (277, 2); (289, 2); (295, 1)
ux330u: (10, 1)
ux360c: (10, 1)
q302: (10, 1)
q302l: (10, 1)
tecknet: (12, 1); (304, 1); (215, 1)
pro: (12, 1); (16, 1); (20, 1); (42, 1); (44, 1); (54, 3); (56, 1); (58, 1); (66, 1); (106, 1); (108, 1); (126, 1); (138, 1); (146, 1); (152, 1); (158, 1); (166, 1); (168, 1); (196, 1); (208, 1); (216, 1); (220, 1); (224, 1); (232, 1); (240, 1); (248, 1); (262, 1); (264, 2); (274, 1); (284, 4); (292, 1); (294, 1); (300, 1); (302, 1); (5, 1); (7, 1); (11, 1); (15, 1); (21, 1); (25, 1); (31, 1); (33, 1); (35, 1); (39, 1); (41, 1); (47, 1); (49, 1); (53, 1); (55, 1); (61, 1); (65, 1); (67, 1); (69, 1); (73, 1); (75, 1); (79, 1); (91, 1); (97, 1); (101, 1); (103, 1); (105, 1); (139, 1); (149, 1); (177, 1); (181, 1); (189, 1); (195, 1); (203, 1); (219, 1); (229, 1); (231, 1); (233, 1); (245, 1); (249, 1); (261, 1); (269, 1); (271, 1); (279, 1); (283, 1); (285, 1); (293, 1); (301, 1)
fil: (12, 2); (26, 1); (50, 1); (156, 1); (164, 1); (198, 1); (258, 1); (23, 1); (109, 1); (163, 1); (193, 1); (209, 1); (263, 1); (265, 1)
dpi: (12, 1); (26, 1); (164, 1); (163, 1); (263, 1)
ottic: (12, 1); (241, 1)
6: (12, 1); (26, 1); (30, 1); (42, 1); (44, 1); (46, 1); (52, 2); (58, 1); (62, 1); (68, 1); (82, 1); (94, 1); (112, 1); (126, 2); (128, 2); (140, 1); (142, 1); (144, 1); (178, 2); (206, 1); (208, 1); (214, 1); (234, 1); (252, 2); (260, 1); (262, 1); (272, 1); (286, 1); (294, 1); (3, 1); (11, 1); (37, 1); (43, 1); (57, 1); (59, 1); (63, 1); (67, 1); (81, 1); (89, 2); (91, 1); (99, 1); (115, 1); (135, 1); (145, 1); (153, 1); (159, 1); (163, 1); (171, 1); (175, 1); (177, 2); (181, 1); (185, 1); (219, 1); (221, 1); (223, 1); (225, 1); (245, 1); (259, 1); (263, 2); (277, 1); (279, 1); (289, 1); (295, 2); (303, 1)
usb: (12, 1); (26, 1); (32, 1); (38, 1); (40, 1); (48, 1); (50, 2); (78, 3); (86, 1); (98, 1); (106, 1); (116, 1); (118, 2); (128, 1); (136, 1); (146, 1); (152, 1); (156, 1); (158, 1); (164, 1); (166, 1); (170, 1); (172, 1); (174, 1); (196, 1); (214, 1); (216, 1); (218, 1); (232, 2); (236, 1); (242, 1); (244, 1); (262, 1); (272, 1); (282, 1); (284, 5); (292, 1); (298, 1); (300, 1); (302, 1); (5, 1); (19, 1); (21, 1); (23, 1); (41, 1); (49, 1); (51, 1); (69, 1); (91, 1); (105, 1); (109, 1); (111, 1); (117, 1); (121, 1); (137, 1); (139, 1); (153, 1); (155, 1); (157, 1); (159, 1); (163, 1); (171, 1); (181, 1); (189, 1); (193, 2); (195, 1); (205, 1); (209, 1); (211, 1); (215, 1); (217, 1); (229, 1); (231, 2); (235, 1); (243, 2); (249, 1); (251, 1); (253, 1); (263, 1); (265, 1); (279, 2); (283, 1); (287, 1); (291, 1); (297, 1); (301, 1)
1.5m: (12, 1)
and: (12, 1); (263, 1)
blu: (12, 1); (30, 1); (34, 1); (74, 1); (1, 1); (81, 1)
fint: (14, 1)
compat: (14, 1); (44, 1); (46, 1); (82, 1); (126, 1); (132, 1); (150, 2); (166, 1); (178, 1); (202, 1); (242, 1); (288, 1); (17, 1); (47, 1); (55, 1); (79, 1); (93, 1); (173, 1); (177, 1); (185, 1); (195, 1); (289, 1)
microsoft: (14, 1); (102, 1); (31, 1)
surfac: (14, 3); (54, 2); (31, 1); (231, 1)
3: (14, 1); (18, 1); (22, 1); (24, 1); (48, 1); (52, 1); (54, 2); (72, 1); (84, 1); (90, 1); (142, 1); (148, 1); (150, 1); (174, 1); (180, 2); (182, 1); (184, 1); (188, 1); (226, 1); (234, 1); (258, 1); (280, 1); (3, 1); (5, 1); (13, 1); (15, 1); (31, 1); (59, 1); (73, 1); (81, 1); (87, 1); (89, 1); (123, 1); (181, 1); (213, 1); (221, 1); (231, 1); (261, 1); (279, 1); (285, 1); (287, 1); (293, 1)
2023: (14, 1); (226, 1); (25, 1); (95, 2); (219, 1)
2020: (14, 1)
45: (14, 1)
cover: (14, 1); (16, 1); (46, 1); (73, 1)
rigid: (14, 2); (233, 1)
cas: (14, 1); (62, 1); (82, 1); (112, 1); (178, 1); (194, 1); (47, 1); (53, 1); (55, 1); (119, 1); (161, 1); (227, 1); (289, 1)
trasparent: (14, 1)
ultra: (16, 1); (162, 1); (266, 1); (53, 1); (233, 1)
sottil: (16, 1); (38, 1); (124, 1); (229, 1); (299, 1)
copr: (16, 1); (73, 1)
copertur: (16, 1)
macbook: (16, 1); (26, 1); (42, 1); (44, 1); (46, 1); (54, 1); (82, 1); (112, 1); (126, 1); (226, 1); (240, 1); (258, 1); (284, 1); (288, 1); (25, 1); (37, 1); (47, 1); (55, 1); (65, 1); (73, 2); (79, 1); (93, 1); (95, 2); (149, 1); (177, 1); (219, 2); (231, 1); (263, 1); (289, 1)
air: (16, 1); (54, 1); (126, 1); (220, 1); (226, 1); (278, 1); (284, 1); (17, 3); (37, 1); (47, 1); (65, 1); (73, 1); (79, 1); (93, 1); (95, 2); (149, 1); (177, 1)
imac: (16, 1); (284, 1)
accessor: (16, 1); (72, 1); (92, 1); (126, 1); (184, 1); (244, 1); (278, 1); (55, 1); (95, 1); (135, 1); (145, 1); (243, 1)
vankean: (18, 1)
valigett: (18, 1); (144, 1); (151, 1); (277, 1); (295, 1)
premium: (18, 1); (34, 1); (188, 1)
adatt: (18, 1); (24, 1); (62, 1); (78, 1); (90, 1); (168, 1); (188, 1); (202, 1); (250, 1); (284, 1); (17, 1); (179, 1); (225, 1); (231, 1); (243, 1); (291, 1)
17: (18, 1); (72, 1); (90, 1); (104, 1); (110, 1); (130, 2); (174, 1); (184, 1); (188, 1); (282, 1); (65, 1); (79, 1); (123, 3); (149, 1)
idrorepellent: (18, 1); (277, 1)
espand: (18, 1); (38, 1); (90, 1); (130, 1); (188, 1); (153, 1)
scuol: (18, 1); (90, 1); (98, 1); (104, 1); (166, 2); (170, 1); (172, 1); (174, 1); (188, 1); (210, 1); (282, 1); (292, 1); (300, 1); (19, 1); (75, 1); (77, 1); (129, 1); (139, 1); (147, 1); (155, 2); (171, 1); (187, 1); (195, 1); (283, 1); (287, 1)
fiss: (20, 1); (66, 1); (80, 1); (96, 1); (146, 1); (152, 1); (154, 1); (158, 1); (166, 1); (220, 1); (224, 1); (292, 1); (300, 1); (21, 1); (39, 1); (49, 1); (53, 1); (69, 1); (75, 1); (85, 1); (97, 1); (101, 1); (105, 1); (139, 1); (195, 1); (251, 1); (271, 1); (279, 1); (283, 1); (301, 1)
cor: (20, 1); (40, 1); (56, 1); (64, 1); (96, 1); (120, 1); (122, 1); (128, 1); (160, 1); (182, 1); (200, 1); (214, 1); (216, 1); (220, 1); (222, 1); (224, 1); (240, 2); (260, 1); (262, 1); (264, 1); (274, 1); (286, 1); (296, 1); (7, 1); (15, 1); (33, 1); (41, 1); (43, 1); (53, 1); (57, 1); (71, 1); (85, 1); (87, 1); (89, 1); (107, 1); (143, 1); (197, 1); (203, 1); (213, 1); (223, 1); (233, 1); (249, 1); (253, 1); (269, 1); (279, 1); (285, 1); (293, 1)
i7: (20, 1); (66, 2); (138, 1); (146, 1); (152, 1); (216, 1); (224, 1); (264, 1); (274, 1); (286, 1); (300, 1); (3, 1); (7, 1); (39, 1); (49, 1); (75, 1); (101, 1); (107, 1); (141, 1); (165, 1); (269, 1); (271, 2); (273, 1); (279, 1); (283, 1); (293, 1)
6700: (20, 1); (274, 1); (101, 1); (141, 1); (269, 1); (293, 1)
32: (20, 1); (166, 1); (216, 1); (224, 1); (21, 1); (53, 1); (69, 1); (73, 1); (75, 1); (101, 1); (141, 1); (279, 1)
hdd: (20, 1); (33, 1); (53, 1); (83, 1); (101, 1); (133, 1); (267, 1)
ricon: (20, 1); (101, 1); (141, 1)
sol: (20, 1); (150, 1)
aspir: (22, 1); (24, 1); (96, 1); (13, 1); (71, 1); (213, 1)
r1ep: (22, 1)
amd: (22, 2); (52, 1); (138, 1); (13, 2); (29, 1); (285, 1)
7: (22, 1); (138, 1); (228, 1); (242, 1); (29, 1); (65, 1); (79, 1); (135, 1); (231, 1); (235, 1)
1024: (22, 1); (64, 1); (96, 1); (71, 1)
pci: (22, 1); (128, 1); (182, 1); (3, 1); (13, 1); (57, 1); (59, 1); (71, 1); (107, 1); (143, 1); (165, 1); (213, 1)
nvme: (22, 1); (58, 1); (122, 1); (134, 1); (138, 1); (262, 1); (13, 1); (61, 1); (71, 1); (143, 1); (203, 1); (213, 1)
sched: (22, 1); (28, 2); (30, 2); (78, 2); (122, 1); (220, 1); (224, 1); (238, 1); (13, 1); (63, 1); (71, 1); (81, 1); (213, 1); (231, 1); (243, 3); (267, 1)
radeon: (22, 1); (13, 1)
65w: (24, 1); (168, 1); (221, 1); (259, 1)
5: (24, 1); (52, 1); (70, 1); (78, 1); (114, 1); (120, 1); (204, 1); (258, 1); (272, 1); (5, 1); (13, 1); (53, 1); (71, 1); (73, 1); (113, 1); (131, 1); (133, 1); (221, 2); (223, 1); (259, 1)
e3: (24, 1)
es1: (24, 1)
v3: (24, 1)
s3: (24, 1)
r3: (24, 1)
5750: (24, 1)
trust: (26, 1); (48, 1); (210, 1); (218, 1); (258, 1); (163, 1); (251, 1); (257, 1); (263, 1); (265, 1)
fyda: (26, 1)
sosten: (26, 1); (210, 1)
5000: (26, 1)
form: (26, 1); (263, 1)
150: (26, 1)
cm: (26, 1); (204, 1); (294, 1); (73, 1); (131, 1); (145, 1); (295, 1); (303, 1)
funyet: (28, 1)
tf: (28, 1); (30, 1); (74, 1); (78, 1); (254, 1); (175, 1); (197, 1); (231, 1); (243, 1)
bluetooth: (28, 1); (30, 1); (32, 1); (40, 1); (102, 1); (118, 1); (214, 1); (216, 1); (236, 1); (262, 1); (264, 1); (11, 1); (41, 1); (107, 1); (197, 1); (223, 1); (229, 1)
180: (28, 1); (106, 1)
1080p: (30, 1); (136, 1); (198, 1); (206, 1); (214, 1); (244, 1); (91, 1); (99, 1); (113, 1)
italian: (30, 1); (32, 1); (84, 1); (120, 1); (156, 1); (198, 1); (200, 1); (222, 1); (23, 1); (87, 1); (207, 1); (209, 1); (211, 1); (239, 1); (275, 1)
aocwe: (32, 1); (268, 1); (1, 1); (23, 1)
n4020: (32, 1); (236, 1); (268, 1); (209, 1); (245, 1); (281, 1)
rom: (32, 1); (40, 1); (74, 1); (156, 1); (214, 1); (236, 1); (23, 1); (197, 1); (209, 1); (229, 1)
membran: (32, 1); (236, 1); (266, 1); (209, 1); (223, 1)
vistaprotect: (34, 1)
anti: (34, 1); (276, 1); (57, 1)
rimov: (34, 1); (256, 1); (227, 1)
telef: (36, 2); (149, 1)
continuity: (36, 1)
fotocamer: (36, 1); (244, 1)
tv: (36, 1); (162, 1); (218, 1); (113, 1); (119, 1); (215, 1)
holder: (36, 1)
antifurt: (38, 1); (70, 1); (98, 1); (282, 1); (51, 1); (137, 1); (147, 1); (153, 1); (159, 1); (171, 1); (187, 1); (287, 1)
capacit: (38, 1)
uom: (38, 1); (42, 1); (86, 1); (98, 1); (104, 1); (130, 1); (170, 1); (174, 1); (282, 2); (19, 1); (137, 1); (153, 1); (155, 1); (159, 1); (205, 2); (237, 1); (247, 1); (287, 1)
donn: (38, 1); (42, 1); (90, 1); (98, 1); (104, 1); (110, 1); (130, 1); (174, 1); (188, 1); (290, 2); (147, 1); (151, 1); (155, 2); (171, 1); (183, 2); (187, 1); (205, 1); (225, 1); (237, 1)
sgin: (40, 1); (46, 1)
ips: (40, 1); (64, 1); (96, 1); (120, 1); (122, 1); (180, 1); (182, 1); (296, 1); (35, 1); (67, 1); (71, 1); (87, 1); (107, 1); (143, 1); (169, 1); (175, 1); (197, 1); (223, 1)
3.0: (40, 1); (68, 1); (106, 1); (118, 1); (206, 1); (214, 1); (236, 1); (262, 1); (41, 1); (91, 1); (99, 1); (117, 1); (143, 1); (229, 1); (231, 1); (235, 1); (249, 1); (279, 1); (297, 1)
band: (40, 1); (68, 1); (206, 1); (99, 1)
beau: (42, 1)
vintag: (42, 1)
borsett: (42, 1)
autent: (42, 1)
4: (44, 1); (102, 1); (128, 1); (142, 1); (164, 1); (166, 1); (224, 1); (228, 1); (232, 1); (242, 1); (262, 2); (272, 1); (292, 1); (81, 1); (139, 1); (161, 1); (165, 1); (195, 1); (223, 1); (259, 1); (261, 1); (285, 1)
cernier: (44, 1); (72, 1); (124, 1); (184, 1); (252, 1); (299, 1)
tasc: (44, 1); (72, 2); (86, 1); (90, 1); (126, 1); (144, 1); (178, 1); (184, 1); (252, 1); (256, 1); (55, 1); (145, 1)
aip: (46, 1); (73, 1)
scomp: (46, 1); (130, 1)
40cm: (46, 1); (291, 1)
5cm: (46, 1)
bros: (46, 1)
postazion: (48, 1); (83, 1)
complet: (48, 1); (146, 1); (152, 1); (158, 1); (21, 1); (49, 1); (69, 1); (83, 1); (97, 1); (105, 1); (301, 1)
8gb: (48, 1); (56, 1); (94, 1); (108, 1); (118, 1); (122, 1); (156, 1); (160, 1); (232, 1); (240, 1); (248, 1); (254, 1); (260, 1); (300, 1); (302, 1); (31, 1); (35, 1); (37, 1); (41, 1); (59, 1); (63, 1); (89, 1); (97, 1); (103, 1); (143, 1); (175, 1); (203, 1); (207, 1); (249, 1); (285, 1)
240gb: (48, 1); (56, 1); (108, 1); (167, 1); (249, 1)
key: (48, 1); (167, 1)
2014hf: (48, 1)
ricondizion: (48, 1); (56, 1); (80, 1); (108, 1); (154, 1); (216, 1); (222, 1); (240, 1); (248, 1); (274, 1); (7, 1); (15, 1); (31, 1); (39, 1); (83, 1); (85, 1); (167, 1); (203, 1); (233, 1); (249, 1); (253, 1); (269, 1); (293, 1)
acaget: (50, 1); (193, 1)
hif: (50, 1); (109, 1); (193, 1)
sem: (50, 1); (109, 1); (193, 1)
ear: (50, 1); (109, 1); (193, 1)
microf: (50, 1); (136, 1); (244, 1); (258, 1); (27, 1); (109, 1); (157, 1); (193, 1)
cancell: (50, 1); (136, 1); (27, 1); (157, 1); (193, 1)
volum: (50, 1); (109, 1); (193, 1)
ps4: (50, 1)
ideapad: (52, 1); (150, 1); (168, 1); (226, 1); (25, 1); (81, 1); (89, 1); (221, 1); (259, 1)
slim: (52, 1); (150, 1); (210, 1); (256, 1); (89, 1); (233, 1)
1920x1080: (52, 1); (138, 1); (272, 1); (41, 1); (89, 1)
7520u: (52, 1); (13, 1)
grey: (52, 1); (89, 1)
esclus: (52, 1); (89, 1)
nido: (54, 1)
13: (54, 3); (74, 1); (88, 1); (168, 2); (240, 1); (17, 1); (37, 1); (47, 2); (73, 3); (197, 1)
12.9: (54, 1)
10: (54, 1); (56, 1); (74, 1); (84, 1); (108, 1); (248, 1); (262, 1); (274, 1); (288, 1); (15, 1); (33, 1); (39, 1); (79, 1); (93, 1); (103, 1); (135, 1); (149, 1); (167, 1); (177, 1); (197, 1); (233, 1); (249, 1); (293, 1)
z13: (54, 1)
l13: (54, 1)
csl: (60, 1); (100, 1)
tappetin: (60, 1); (100, 1); (194, 2); (304, 2)
xxl: (60, 2); (100, 2)
speed: (60, 1); (100, 1)
mond: (60, 1)
900: (60, 1); (100, 1)
400: (60, 1); (100, 1)
mm: (60, 1); (100, 1); (258, 1); (27, 1); (251, 1)
dimension: (60, 1); (100, 1); (142, 1); (204, 1); (45, 1); (129, 1)
miglior: (60, 1); (100, 1)
velocit: (60, 1); (100, 1); (162, 1); (235, 1)
cuscin: (62, 1); (131, 1)
predator: (64, 1)
helios: (64, 1)
neo: (64, 1)
phn16: (64, 1)
72: (64, 1)
i9: (64, 1); (53, 1); (143, 1)
wqxga: (64, 1)
240: (64, 1); (88, 1); (292, 1); (125, 1); (139, 1); (195, 1)
4070: (64, 1); (143, 1)
gddr6: (64, 1); (300, 1); (143, 1); (273, 1)
pront: (66, 1); (80, 1); (154, 1); (196, 1); (208, 1); (222, 1); (39, 1); (97, 1); (115, 1); (181, 1); (253, 1); (271, 1); (285, 1)
pornt: (66, 1)
24gb: (68, 1)
id: (68, 1); (206, 1)
min: (68, 1); (80, 1); (108, 1); (118, 1); (134, 2); (186, 2); (206, 1); (214, 1); (242, 1); (254, 1); (264, 3); (5, 1); (11, 2); (33, 1); (41, 1); (91, 1); (99, 1); (111, 1); (175, 1); (229, 1); (233, 2); (249, 1); (261, 2)
2xusb: (68, 1); (206, 1); (99, 1)
retroillumin: (68, 1); (106, 1); (116, 2); (128, 1); (138, 1); (206, 1); (242, 1); (286, 1); (29, 1); (37, 1); (67, 1); (91, 1); (181, 1)
siz: (68, 1); (206, 1); (35, 1); (91, 1)
piastr: (70, 1)
autoades: (70, 1); (119, 1)
blocc: (70, 1)
altri: (70, 1); (150, 1); (93, 1)
rinforz: (72, 1); (184, 1)
realizz: (72, 1); (184, 1); (252, 1)
material: (72, 1); (184, 1); (252, 1)
resistent: (72, 1); (82, 1); (144, 1); (174, 1); (265, 1); (289, 1)
acqua: (72, 1); (82, 1); (174, 1); (289, 1)
goodtel: (74, 1)
gps: (74, 1)
8mp: (74, 1)
tip: (74, 1); (116, 1); (180, 1); (228, 1); (272, 1); (17, 1); (29, 1); (87, 1); (117, 1); (297, 1)
otg: (74, 1); (78, 1); (243, 2)
samson: (76, 1); (212, 1); (127, 1)
biz: (76, 1)
black: (76, 1)
lettor: (78, 1); (296, 1); (75, 1); (167, 1); (231, 1); (243, 3)
camer: (78, 1)
micr: (78, 2); (122, 1); (243, 2)
sdhc: (78, 1)
puffer: (82, 1)
sleev: (82, 1); (112, 1); (178, 1); (219, 1); (289, 1)
trasport: (82, 1); (112, 1); (178, 1); (55, 1); (289, 1)
ecc: (84, 1); (235, 1)
frontal: (86, 1)
attacc: (86, 1); (170, 1); (172, 1); (298, 1); (19, 1); (51, 1)
19.5v: (88, 1); (179, 1)
g3: (88, 1); (15, 1); (33, 1)
g4: (88, 1); (61, 1); (125, 4)
g6: (88, 1)
g7: (88, 1)
430: (88, 1)
470: (88, 1)
elitebook: (88, 1); (226, 1); (248, 1)
820: (88, 1)
kroser: (90, 1); (174, 1); (188, 1); (201, 1)
18: (90, 1)
rfid: (90, 1)
set: (92, 4); (215, 1); (251, 1); (267, 1)
500: (92, 1)
ripar: (92, 1); (133, 1); (267, 1)
universal: (92, 1); (133, 1)
12450h: (96, 1); (71, 1)
23.8: (96, 1); (167, 1)
led: (96, 1); (120, 1); (248, 1); (13, 1); (71, 1); (121, 1); (211, 1)
zainett: (98, 1)
med: (98, 1)
superior: (98, 1); (234, 1); (247, 1); (295, 1)
backpack: (98, 1); (212, 1); (147, 1); (171, 1)
universit: (98, 1); (147, 1); (151, 1); (171, 1); (225, 1); (287, 1)
15s: (102, 1); (296, 1)
apert: (106, 1)
impront: (106, 1); (286, 1); (43, 1); (67, 1)
digital: (106, 1); (286, 1); (43, 1); (67, 1); (117, 1); (157, 1); (297, 1)
6400t: (108, 1); (249, 1)
2021: (108, 1); (262, 1); (25, 1); (203, 1); (219, 1); (269, 1)
insegn: (110, 1); (230, 1); (151, 1)
universitar: (110, 1)
neopren: (112, 1); (124, 1); (47, 1); (299, 1)
toshib: (112, 1)
ultrabook: (112, 1); (178, 1); (123, 1)
install: (114, 1)
perixx: (116, 1)
tast: (116, 1); (278, 1); (239, 1)
natural: (116, 1)
j4125: (118, 1); (220, 1); (35, 1); (229, 1)
galaxy: (120, 1); (160, 1); (211, 1)
version: (120, 1); (211, 1); (219, 1); (255, 1)
1315u: (122, 1)
aud: (122, 1); (27, 1); (157, 1)
b: (122, 1); (192, 1)
tess: (124, 1); (237, 1); (277, 1); (299, 1)
lavabil: (124, 1); (299, 1)
hedug: (126, 1)
expertbook: (128, 1)
10cor: (128, 1)
40: (128, 1); (204, 1); (145, 1)
bt: (128, 1); (134, 1); (23, 1)
preconfigur: (128, 1); (294, 1)
mancr: (130, 1)
d: (130, 1); (290, 1)
chuw: (132, 1)
gemibook: (132, 1)
corebook: (132, 1)
ricamb: (132, 1)
nipog: (134, 1)
ak1plus: (134, 1)
ntel: (134, 1); (261, 1)
lak: (134, 1); (5, 1); (11, 1); (199, 1); (245, 1); (255, 1); (261, 1)
dewanxin: (136, 1)
360: (136, 1); (160, 1)
videochiam: (136, 1)
gioc: (136, 1); (272, 1); (291, 1)
1355u: (138, 1); (107, 1)
aitodos: (140, 1)
leg: (140, 1)
legger: (140, 1); (144, 1); (266, 1); (65, 1); (177, 1); (229, 1); (247, 1); (277, 1)
antiscivol: (140, 1); (194, 1); (252, 1); (270, 1); (304, 1)
pieghevol: (140, 1); (65, 1); (79, 1); (93, 1)
ventil: (140, 1); (65, 1); (79, 1); (93, 1); (177, 1)
calor: (140, 1)
stand: (140, 1); (148, 1); (288, 1); (65, 1); (79, 1); (93, 1); (135, 1)
maxlegen: (142, 1)
numer: (142, 1); (169, 1)
ngs: (144, 1)
monray: (144, 1)
enterpris: (144, 1)
perifer: (144, 1)
480: (146, 1); (152, 1); (158, 1); (220, 1); (49, 1); (75, 1); (105, 1); (301, 1)
22: (146, 1)
bw: (148, 1)
mcover: (150, 1)
3i: (150, 1)
15abr8: (150, 1)
15iah8: (150, 1)
15ian8: (150, 1)
modell: (150, 1); (17, 1)
24: (152, 1); (260, 1); (69, 1); (85, 1); (101, 1); (105, 1); (301, 1)
4570: (154, 1)
dvd: (154, 1); (224, 1); (7, 1); (53, 1); (75, 1); (141, 1); (167, 1); (293, 1)
ades: (156, 1); (23, 1); (87, 1); (207, 1); (239, 1)
gt730: (158, 1); (21, 1); (69, 1); (105, 1)
13.3: (160, 1)
amoled: (160, 1)
evo: (160, 1)
13th: (160, 1)
graph: (160, 1)
2.1: (162, 1)
10k: (162, 1)
certific: (162, 1)
48gbps: (162, 1)
alta: (162, 1); (235, 1)
240hz: (162, 1)
165hz: (162, 1); (143, 1)
120hz: (162, 1)
earc: (162, 1)
hdcp2.3: (162, 1)
hdr10: (162, 1)
proiettor: (162, 1); (202, 1); (250, 1); (280, 1); (113, 1)
silenz: (164, 1); (215, 1); (217, 1)
compatt: (164, 1); (145, 1)
tracking: (164, 1)
730: (166, 1); (224, 1); (292, 1); (139, 1); (195, 1)
internet: (166, 1); (292, 1); (300, 1); (75, 1); (139, 1); (195, 1); (283, 1)
tb: (166, 1); (224, 1); (300, 1); (21, 1); (53, 2); (69, 1); (83, 1); (195, 1); (271, 1); (279, 1); (283, 1)
t450: (168, 1); (246, 1)
t450s: (168, 1)
t540p: (168, 1); (246, 1)
yog: (168, 1); (246, 1); (259, 1)
adlx65nlc2a: (168, 1)
z33: (170, 1)
kommodum: (172, 1); (266, 1)
essential: (176, 1)
tagl: (176, 1)
rainy: (178, 1)
piccol: (178, 1); (47, 1)
aggiunt: (178, 1)
6ghz: (180, 1)
scocc: (180, 1)
wifi6: (180, 1); (186, 1)
4050: (182, 1)
6e: (182, 1); (264, 1); (165, 1); (273, 1)
ble: (182, 1)
mes: (182, 1); (216, 1); (141, 1)
bosgam: (186, 1)
2.5g: (186, 1)
bt5.2: (186, 1)
tripl: (186, 1); (5, 1)
suptek: (190, 1)
tooq: (192, 1)
umcs0004: (192, 1)
terr: (192, 1); (228, 1); (227, 1)
ruot: (192, 1); (161, 2); (227, 1)
pes: (192, 1)
torr: (192, 1)
119mm: (192, 1)
larghezz: (192, 1)
pu: (194, 1)
80cmx40cm: (194, 1)
albicocc: (194, 1)
1342h: (196, 1)
ingress: (196, 1); (232, 1); (302, 1); (189, 1)
sistem: (196, 1); (232, 1); (302, 1); (189, 1)
oper: (196, 1); (232, 1); (302, 1); (189, 1)
oro: (198, 1); (202, 1); (250, 1); (268, 1); (113, 1)
3520: (200, 1)
shuliancabl: (202, 1)
1.8m: (202, 1)
moleskin: (204, 1)
devic: (204, 1)
bag: (204, 1); (287, 1)
leather: (204, 1)
vertical: (204, 1); (163, 1)
sshd: (208, 1); (115, 1)
eco: (210, 1)
adult: (212, 1)
hcjip: (214, 1)
512g: (214, 1)
quad: (214, 1); (220, 1); (7, 1); (33, 1); (41, 1); (43, 1); (67, 1); (233, 1)
m920s: (216, 1)
soundb: (218, 1); (111, 1)
illumin: (218, 1)
12w: (218, 1)
3.5mm: (218, 1)
altoparl: (218, 1); (272, 1); (111, 1); (117, 1); (169, 1); (251, 2); (297, 1)
cass: (218, 1); (111, 2); (251, 2)
dilc: (220, 2)
plus: (220, 1)
mbps: (220, 1)
masterizz: (220, 1); (224, 1); (7, 1); (75, 1); (279, 1)
4770: (224, 1); (279, 1)
deleycon: (228, 1)
1m: (228, 1)
corrent: (228, 1)
cee: (228, 1)
90: (228, 2)
femmin: (228, 1)
infermier: (230, 1)
colleg: (230, 1)
wid: (230, 1)
hssd: (232, 1); (189, 1)
penn: (232, 1)
finger: (232, 1)
aoc: (234, 1)
sinloon: (238, 1)
interruttor: (238, 3); (235, 1)
remot: (238, 1)
madr: (238, 1); (267, 1)
apple: (240, 1); (37, 1); (95, 1)
retin: (240, 1); (37, 1)
qwerty: (240, 1); (245, 1); (265, 1)
streaming: (244, 1)
zoom: (244, 1); (258, 1); (109, 1)
youtub: (244, 1)
x1: (246, 1)
carbon: (246, 1)
t430: (246, 1)
t560: (246, 1)
x250: (246, 1)
x270: (246, 1)
add: (246, 1)
lx45ncc3a: (246, 1)
3.25a: (246, 1); (259, 1)
icor: (248, 1)
4300u: (248, 1)
benfe: (250, 1); (284, 1)
raspberry: (250, 1)
roku: (250, 1)
xbox: (250, 1); (272, 1)
cing: (252, 1); (237, 1)
principal: (252, 1)
card: (254, 1); (175, 1); (243, 1)
vultec: (256, 1)
prim: (258, 1)
legg: (258, 1)
connession: (258, 1)
auricolar: (258, 1)
headphones: (258, 1)
skype: (258, 1); (109, 1)
13420h: (260, 1); (61, 1); (89, 1)
ricar: (260, 1); (155, 1); (159, 1); (295, 1)
speakers: (260, 1)
1260p: (264, 1)
grafik: (264, 1)
thunderbolt4: (264, 1)
business: (266, 1); (7, 1); (141, 1); (159, 1); (287, 1)
cusicn: (270, 1)
gom: (270, 1)
memory: (270, 1); (304, 1)
foam: (270, 1); (304, 1)
wrist: (270, 1)
rest: (270, 1)
pad: (270, 1); (304, 1)
soll: (270, 1)
dolor: (270, 1)
comod: (270, 1)
eye: (272, 1)
car: (272, 1)
incorpor: (272, 1)
ps3: (272, 1)
3620: (274, 1)
sat: (274, 1)
cx1: (276, 1)
cx1400cka: (276, 1)
piu: (278, 1)
vend: (278, 1)
prodott: (278, 1)
grigl: (280, 1)
kg: (280, 1)
6in1: (284, 1); (243, 1)
hub: (284, 1); (231, 1); (235, 1)
datiport: (284, 1)
station: (284, 1); (231, 1)
gpu: (286, 1)
5kg: (288, 1)
tot: (290, 1)
eleg: (290, 1); (147, 1); (225, 1)
antirifless: (296, 1); (63, 1); (107, 1)
z8: (298, 1)
fingerprint: (302, 1); (253, 1)
privacy: (302, 1)
tocc: (304, 1)
morbid: (304, 1); (131, 1); (257, 1)
gomm: (304, 1)
jsy: (1, 1)
to: (1, 1)
c12m: (3, 1); (59, 1)
1255u: (3, 1)
ita: (3, 1); (59, 1); (165, 1); (273, 1)
quieter4c: (5, 1)
12a: (5, 1)
lpddr4x: (5, 1)
personal: (5, 1)
esprim: (7, 1)
e85: (7, 1)
bmax: (11, 1); (41, 1)
gemin: (11, 1); (245, 1)
b1pro: (11, 1)
ddr5: (13, 1); (143, 1)
6200u: (15, 1)
gener: (15, 1)
64: (15, 1); (81, 1)
bit: (15, 1)
t: (17, 1)
2017: (17, 1)
a1436: (17, 1)
zyb: (25, 1)
a2991: (25, 1)
thinkbook: (25, 1)
logitec: (27, 1); (157, 1)
niakun: (29, 1)
laptops: (29, 1)
4.3ghz: (29, 1)
platin: (31, 1)
13.5: (31, 1)
1035g7: (31, 1)
chip: (37, 1); (95, 1)
pentium: (41, 1)
inter: (43, 1)
riconosc: (43, 1)
win11pr: (43, 1)
a2337: (47, 1)
a1932: (47, 1)
2018: (47, 1)
a1989: (47, 1)
a1706: (47, 1)
for: (51, 1)
greed: (53, 1)
v2: (53, 1)
10900f: (53, 1)
veloc: (53, 1)
disc: (53, 1); (233, 1)
rw: (53, 1); (167, 1)
usb3.1: (53, 1)
enloff: (55, 1)
antiurt: (55, 1)
b086zrtqh5: (57, 1)
12ma: (57, 1)
203it: (59, 1)
iru: (61, 1)
15a: (63, 1)
gold: (63, 1)
huawe: (65, 1)
matebook: (65, 1)
a515: (71, 1)
57: (71, 1)
51x4: (71, 1)
abyss: (81, 1)
multimedial: (83, 1); (215, 1)
m900z: (85, 1); (167, 1)
soluzion: (85, 1)
hdmi2.4g: (91, 1)
vasso: (93, 1); (177, 1)
daryukum: (99, 1); (229, 1)
1035g1: (103, 1)
15.6fhd: (103, 1)
eg2000sl: (107, 1)
chrom: (109, 1); (211, 1)
adelg: (111, 1)
sound: (111, 1)
5205u: (117, 1)
batter: (117, 1); (125, 1); (191, 1); (297, 1)
38wh: (117, 1); (297, 1)
soulwit: (119, 1)
fermac: (119, 1)
organizer: (119, 1)
quntis: (121, 1)
51cm: (121, 1)
barr: (121, 1)
dimmer: (121, 1)
curv: (121, 1)
hs04: (125, 1)
807956: (125, 1)
245: (125, 1)
246: (125, 1)
807612: (125, 1)
lb6u: (125, 1)
af067sa: (125, 1)
tpn: (125, 1)
i119: (125, 1)
ba042ng: (125, 1)
bailhandl: (127, 1)
comp: (127, 1)
green: (127, 2)
evervanz: (129, 1)
44x33: (131, 1)
tray: (131, 1)
imbottitur: (131, 1)
355: (133, 1)
futur: (135, 1)
bopa: (137, 1); (159, 1)
bussiness: (137, 1)
omen: (143, 1)
cach: (147, 1)
topm: (149, 1)
gao: (155, 1)
h340: (157, 1)
ewent: (161, 1); (275, 1)
ew1291: (161, 1)
polv: (161, 1)
sporc: (161, 1)
2.4ghz: (163, 1)
14ev: (165, 1)
b13m: (165, 1)
263it: (165, 1)
13700h: (165, 1)
abbon: (169, 1)
aere: (171, 1); (225, 1); (287, 1)
pz: (173, 1)
phillips: (173, 1)
croc: (173, 1)
wexultor: (175, 1)
levels: (177, 1)
vai: (179, 2)
vgp: (179, 1)
ser: (179, 1)
6.5: (179, 1)
4.4mm: (179, 1)
mil: (183, 1)
quality: (187, 1)
mandorl: (187, 1)
antie: (191, 1)
3410: (191, 1)
3510: (191, 1)
5401: (191, 2)
5408: (191, 1)
5508: (191, 1)
7405: (191, 1)
7300: (191, 1)
7500: (191, 1)
c5kg6: (191, 1)
40wh: (191, 1)
ra: (197, 1)
netflix: (197, 1)
offert: (197, 1)
18.5: (201, 1)
optiplex: (203, 1); (249, 1)
3060: (203, 1)
rpm: (207, 1)
ka1it: (211, 1)
screen: (211, 1); (245, 1)
nan: (215, 1)
entrat: (217, 1)
extra: (219, 1)
aggiorn: (219, 1)
320: (221, 2); (259, 1)
330s: (221, 2)
14ikb: (221, 2)
15ikb: (221, 2)
s540: (221, 1)
adlx65ccge2: (221, 1); (259, 1)
adlx65cdge2: (221, 1)
0g: (223, 1)
approv: (225, 1)
compagn: (225, 1)
multifunzional: (225, 1); (287, 1)
baseus: (231, 1)
steam: (231, 1)
rog: (231, 1)
mar: (233, 1)
splitter: (235, 1)
dat: (235, 1)
miru: (237, 1)
learning: (239, 1)
x500: (241, 1)
spallacc: (247, 1)
7040: (249, 1)
standard: (251, 1)
6th: (253, 1)
510: (259, 1)
acemagician: (261, 1)
confortevol: (263, 1)
2400: (263, 1)
tar: (265, 1)
2.5: (267, 1)
5050: (269, 1)
2008it: (273, 1)
13620h: (273, 1)
2050: (273, 1)
3200mhz: (273, 1)
10a: (275, 1)
pres: (275, 1); (287, 1)
trifogl: (275, 1)
80: (275, 1)
ew: (275, 1)
p: (275, 1)
4600: (279, 1)
ross: (281, 1)
380: (283, 1)
gddr5: (283, 1)
7320u: (285, 1)
upgrad: (287, 1)
apspow: (291, 1)
letturaper: (291, 1)
temperatur: (291, 1)
480gb: (293, 1)
no: (293, 1)
t210: (295, 1)
win: (1, 1); (3, 1); (5, 1); (23, 1); (57, 1); (59, 1); (83, 1); (87, 1); (103, 1); (165, 1); (181, 1); (189, 1); (207, 1); (209, 1); (233, 1); (273, 1); (281, 1); (293, 1); (28, 1); (30, 1); (32, 1); (128, 1); (138, 1); (156, 1); (196, 1); (198, 1); (232, 1); (236, 1); (248, 1); (268, 1); (294, 1); (302, 1)
11: (1, 1); (3, 1); (5, 1); (7, 1); (11, 1); (13, 1); (17, 1); (21, 1); (23, 1); (31, 1); (35, 1); (49, 1); (57, 1); (59, 1); (61, 1); (67, 1); (69, 1); (71, 1); (75, 1); (83, 1); (85, 1); (87, 1); (89, 1); (91, 1); (97, 1); (101, 1); (105, 1); (107, 1); (117, 1); (139, 1); (141, 1); (165, 1); (175, 1); (181, 1); (189, 1); (195, 1); (199, 1); (203, 1); (207, 1); (209, 1); (213, 1); (245, 2); (261, 1); (269, 1); (271, 1); (273, 1); (279, 1); (281, 1); (283, 1); (285, 1); (301, 1); (303, 1); (6, 1); (20, 1); (22, 1); (28, 1); (30, 1); (32, 1); (40, 1); (52, 1); (64, 1); (66, 1); (88, 1); (96, 1); (102, 1); (118, 1); (120, 1); (122, 1); (128, 1); (138, 1); (146, 1); (152, 1); (156, 1); (158, 1); (160, 1); (166, 1); (168, 1); (182, 1); (196, 1); (198, 1); (200, 1); (208, 1); (216, 1); (220, 1); (224, 1); (232, 1); (236, 1); (246, 1); (254, 1); (260, 1); (262, 1); (264, 1); (268, 1); (286, 1); (292, 1); (294, 1); (296, 1); (300, 1); (302, 1)
pc: (1, 1); (5, 1); (7, 1); (11, 1); (13, 1); (19, 2); (21, 1); (23, 1); (25, 1); (27, 1); (29, 1); (35, 1); (37, 1); (39, 2); (41, 1); (47, 1); (49, 1); (51, 1); (53, 1); (65, 1); (67, 1); (69, 1); (71, 1); (73, 1); (75, 1); (77, 1); (79, 2); (85, 1); (87, 1); (91, 2); (93, 3); (97, 2); (99, 1); (101, 2); (105, 1); (109, 1); (111, 2); (113, 1); (115, 1); (117, 1); (119, 1); (123, 1); (133, 2); (135, 2); (137, 1); (139, 1); (141, 1); (147, 1); (149, 1); (153, 1); (157, 1); (159, 1); (161, 1); (163, 1); (167, 1); (169, 1); (171, 1); (173, 2); (175, 2); (177, 2); (179, 2); (183, 4); (185, 1); (187, 2); (193, 3); (195, 1); (197, 1); (199, 1); (203, 1); (205, 2); (207, 1); (209, 1); (213, 1); (215, 1); (217, 2); (227, 1); (229, 2); (233, 1); (235, 1); (237, 2); (243, 1); (247, 1); (251, 2); (253, 1); (255, 1); (259, 1); (261, 1); (263, 1); (265, 1); (267, 1); (269, 1); (271, 2); (275, 1); (277, 2); (279, 1); (281, 1); (283, 1); (289, 1); (291, 1); (293, 1); (297, 1); (301, 1); (0, 1); (2, 1); (10, 1); (12, 1); (16, 1); (20, 2); (22, 1); (24, 1); (26, 1); (28, 1); (30, 1); (32, 1); (34, 1); (38, 1); (40, 2); (42, 1); (44, 1); (46, 1); (48, 1); (50, 3); (54, 1); (56, 1); (66, 2); (68, 1); (74, 1); (80, 2); (82, 1); (86, 2); (88, 1); (92, 2); (94, 1); (96, 1); (98, 1); (104, 2); (106, 1); (108, 1); (110, 2); (114, 1); (118, 1); (126, 1); (128, 1); (130, 1); (134, 2); (136, 2); (138, 1); (140, 1); (142, 1); (146, 1); (148, 1); (152, 1); (154, 2); (156, 1); (158, 1); (162, 1); (164, 1); (166, 1); (168, 1); (170, 1); (172, 2); (178, 1); (180, 1); (182, 1); (186, 1); (196, 1); (198, 1); (202, 1); (204, 2); (206, 1); (208, 1); (212, 1); (214, 1); (218, 1); (220, 1); (222, 1); (224, 1); (226, 1); (228, 1); (234, 1); (236, 1); (238, 1); (242, 1); (244, 5); (246, 1); (250, 1); (254, 1); (256, 1); (258, 1); (264, 1); (266, 2); (268, 1); (272, 1); (274, 1); (280, 1); (282, 2); (286, 1); (288, 3); (292, 1); (298, 1); (300, 1)
n5095: (1, 1); (43, 1); (199, 1); (0, 1); (28, 1); (68, 1); (106, 1); (214, 1)
2.9: (1, 1)
ghz: (1, 1); (11, 1); (15, 1); (43, 1); (53, 1); (97, 1); (141, 1); (209, 1); (261, 1); (281, 1); (285, 1); (32, 1); (40, 1); (48, 1); (114, 1); (118, 1); (142, 1); (164, 1); (214, 1); (220, 1); (234, 1); (242, 1); (262, 1)
pollic: (1, 1); (23, 1); (25, 2); (35, 1); (41, 1); (43, 1); (45, 1); (55, 1); (67, 1); (73, 3); (77, 1); (81, 1); (87, 1); (91, 1); (95, 2); (99, 1); (117, 1); (123, 2); (129, 1); (137, 1); (145, 1); (147, 1); (151, 1); (153, 1); (159, 1); (169, 1); (171, 1); (175, 1); (183, 2); (187, 1); (197, 1); (205, 1); (207, 1); (209, 1); (219, 1); (225, 1); (229, 1); (237, 2); (277, 1); (281, 1); (289, 1); (299, 1); (0, 1); (14, 1); (18, 1); (28, 1); (30, 1); (32, 1); (34, 1); (38, 1); (40, 1); (42, 2); (44, 1); (46, 1); (54, 1); (68, 1); (72, 1); (74, 1); (82, 1); (90, 1); (98, 1); (104, 1); (110, 1); (112, 1); (114, 1); (118, 1); (124, 1); (126, 1); (130, 2); (178, 1); (180, 1); (184, 1); (188, 1); (198, 1); (206, 1); (214, 1); (226, 2); (230, 1); (234, 1); (236, 1); (248, 1); (254, 1); (268, 1); (272, 1); (282, 1); (286, 1); (288, 1)
notebook: (1, 1); (3, 1); (13, 1); (19, 1); (23, 1); (25, 1); (29, 1); (35, 1); (51, 1); (57, 1); (59, 1); (61, 1); (65, 1); (67, 1); (71, 1); (73, 1); (77, 1); (79, 1); (81, 1); (87, 1); (89, 1); (91, 1); (99, 2); (103, 1); (107, 1); (115, 1); (123, 1); (143, 1); (149, 1); (153, 1); (159, 1); (165, 1); (173, 1); (175, 1); (179, 1); (181, 1); (187, 1); (189, 1); (205, 1); (207, 1); (213, 1); (225, 1); (229, 1); (247, 1); (255, 1); (265, 1); (273, 1); (275, 1); (281, 1); (285, 1); (289, 1); (0, 1); (2, 1); (10, 1); (22, 1); (28, 1); (30, 1); (32, 1); (44, 1); (46, 1); (52, 1); (58, 1); (62, 1); (64, 1); (68, 1); (82, 1); (86, 1); (88, 1); (94, 1); (104, 1); (110, 1); (118, 2); (138, 1); (156, 1); (164, 1); (170, 1); (172, 1); (176, 1); (178, 1); (180, 1); (182, 1); (190, 1); (196, 1); (198, 1); (200, 1); (204, 1); (206, 2); (208, 1); (222, 1); (226, 1); (232, 1); (234, 1); (236, 1); (242, 1); (254, 1); (256, 1); (262, 1); (266, 1); (268, 1); (276, 1); (282, 1); (286, 2); (288, 1); (296, 1); (298, 1); (302, 1)
8: (1, 1); (11, 1); (13, 1); (15, 1); (33, 1); (99, 1); (141, 1); (229, 1); (233, 1); (303, 1); (4, 1); (6, 1); (40, 1); (58, 1); (62, 1); (64, 1); (80, 1); (132, 1); (204, 1); (258, 1); (292, 1)
gb: (1, 2); (11, 2); (13, 2); (15, 2); (21, 1); (33, 2); (49, 1); (53, 1); (61, 2); (69, 1); (71, 2); (75, 2); (81, 2); (91, 2); (99, 2); (101, 1); (105, 2); (139, 3); (141, 1); (181, 2); (189, 1); (195, 3); (197, 2); (209, 1); (213, 2); (223, 2); (229, 2); (233, 2); (253, 2); (279, 1); (301, 1); (303, 2); (4, 1); (6, 2); (20, 1); (22, 2); (58, 2); (64, 3); (66, 1); (80, 2); (96, 2); (102, 2); (118, 1); (128, 2); (146, 1); (152, 1); (156, 1); (158, 2); (166, 2); (196, 1); (200, 2); (206, 2); (208, 2); (216, 1); (220, 2); (224, 2); (232, 1); (292, 3); (296, 1); (302, 1)
1tb: (1, 1); (7, 1); (29, 1); (101, 1); (107, 1); (143, 1); (165, 1); (197, 1); (209, 1); (269, 1); (281, 1); (0, 1); (20, 1); (32, 1); (74, 1); (134, 1); (156, 1); (182, 1); (198, 1); (236, 1); (268, 1)
estension: (1, 1); (23, 1); (235, 1); (32, 1); (236, 1)
dual: (1, 1); (99, 1); (197, 1); (223, 1); (261, 1); (40, 2); (68, 1); (134, 1); (186, 1); (206, 1); (240, 1)
wif: (1, 1); (3, 1); (5, 1); (11, 1); (21, 1); (23, 1); (35, 1); (41, 1); (49, 1); (59, 1); (69, 1); (81, 1); (87, 1); (89, 1); (91, 1); (99, 1); (105, 1); (139, 1); (165, 1); (167, 1); (169, 1); (195, 1); (197, 1); (209, 1); (229, 1); (255, 1); (273, 1); (281, 1); (283, 1); (301, 1); (0, 1); (2, 1); (30, 1); (32, 1); (40, 1); (52, 1); (68, 1); (74, 1); (96, 1); (118, 1); (142, 1); (146, 1); (152, 1); (156, 1); (158, 1); (166, 1); (206, 1); (214, 1); (216, 1); (220, 1); (224, 1); (234, 1); (236, 1); (254, 1); (260, 1); (262, 1); (264, 1); (268, 1); (292, 1); (300, 1)
scherm: (1, 1); (45, 1); (107, 1); (169, 1); (175, 1); (0, 1); (34, 1); (200, 1); (234, 1); (254, 1); (272, 2)
1920: (1, 1); (35, 1); (43, 1); (67, 1); (87, 1); (175, 1); (199, 1); (0, 1); (68, 1); (118, 1); (180, 1); (200, 1); (254, 1)
1200: (1, 1); (87, 1); (163, 1); (0, 1); (180, 1)
2k: (1, 1); (0, 1)
fhd: (1, 1); (13, 1); (23, 1); (29, 1); (57, 1); (67, 1); (71, 1); (81, 1); (89, 1); (91, 1); (99, 1); (107, 1); (115, 1); (143, 1); (169, 1); (175, 1); (213, 1); (273, 1); (297, 1); (22, 1); (32, 1); (52, 1); (68, 1); (74, 1); (94, 1); (96, 1); (102, 1); (118, 1); (122, 1); (156, 1); (182, 1); (200, 1); (206, 1); (214, 1); (234, 1); (254, 1); (260, 1); (272, 1); (296, 1)
msi: (3, 1); (59, 1); (165, 1); (219, 1); (273, 1); (46, 1)
modern: (3, 1); (59, 1)
073it: (3, 1)
60hz: (3, 1); (57, 1); (59, 1); (165, 1); (231, 1); (186, 1); (284, 1)
iris: (3, 1); (57, 1); (107, 1); (165, 1); (213, 1); (128, 1); (264, 1); (286, 1); (296, 1)
xe: (3, 1); (57, 1); (107, 1); (165, 1); (213, 1); (128, 1); (264, 1); (286, 1)
16gb: (3, 1); (5, 1); (29, 1); (39, 1); (57, 1); (67, 1); (83, 1); (85, 1); (87, 1); (107, 1); (115, 1); (165, 1); (167, 1); (189, 1); (199, 1); (255, 1); (261, 1); (271, 1); (273, 1); (283, 1); (293, 1); (2, 1); (28, 1); (52, 1); (106, 1); (114, 1); (120, 1); (134, 1); (138, 1); (142, 1); (152, 1); (154, 1); (180, 1); (182, 1); (186, 1); (196, 1); (222, 1); (234, 1); (262, 1); (264, 1); (274, 1); (286, 1); (294, 1); (296, 1)
ram: (3, 1); (13, 1); (15, 1); (21, 1); (23, 1); (29, 1); (31, 1); (35, 1); (37, 1); (39, 1); (49, 1); (53, 1); (57, 1); (59, 1); (61, 1); (63, 1); (67, 1); (69, 1); (71, 1); (75, 1); (81, 1); (83, 1); (85, 1); (87, 1); (89, 1); (91, 1); (97, 1); (99, 1); (101, 1); (105, 1); (107, 1); (115, 1); (117, 1); (139, 1); (141, 1); (143, 1); (165, 1); (167, 1); (169, 1); (175, 1); (181, 1); (189, 1); (195, 1); (197, 1); (199, 1); (203, 1); (207, 1); (211, 1); (213, 1); (223, 1); (249, 1); (253, 1); (255, 1); (269, 1); (271, 1); (273, 1); (279, 1); (283, 1); (285, 1); (297, 1); (301, 1); (2, 1); (20, 1); (22, 1); (28, 1); (32, 1); (40, 1); (48, 1); (52, 1); (56, 1); (58, 1); (64, 1); (66, 1); (68, 1); (74, 1); (80, 1); (94, 1); (96, 1); (102, 1); (106, 1); (108, 1); (114, 1); (118, 1); (120, 1); (122, 1); (128, 1); (138, 1); (142, 1); (146, 1); (152, 1); (154, 1); (156, 1); (158, 1); (160, 1); (166, 1); (182, 1); (196, 1); (200, 1); (206, 1); (208, 1); (214, 1); (216, 1); (220, 1); (222, 1); (224, 1); (232, 1); (234, 1); (236, 1); (240, 1); (248, 1); (254, 1); (260, 1); (262, 1); (264, 1); (274, 1); (276, 1); (286, 1); (292, 1); (296, 1); (300, 1); (302, 1)
m.2: (3, 1); (59, 1); (101, 1); (133, 1); (203, 1); (261, 1); (20, 1); (134, 1); (182, 1)
hom: (3, 1); (13, 1); (57, 1); (59, 1); (71, 1); (89, 1); (165, 1); (213, 1); (245, 1); (273, 1); (291, 1); (22, 1); (40, 1); (52, 1); (64, 1); (96, 1); (120, 1); (160, 1); (200, 1)
layout: (3, 1); (59, 1); (165, 1); (239, 1); (265, 1); (273, 1); (116, 1); (208, 1)
garanz: (3, 1); (59, 1); (141, 1); (165, 1); (181, 1); (273, 1); (216, 1); (222, 1)
mel: (5, 1)
senz: (5, 1); (23, 1); (163, 1); (209, 1); (223, 1); (299, 1); (124, 1); (156, 1); (164, 1); (198, 1)
alder: (5, 1); (199, 1); (255, 1); (261, 1); (134, 1)
4ghz: (5, 1); (293, 1); (232, 1)
desktop: (5, 1); (21, 1); (33, 3); (39, 1); (49, 1); (53, 1); (69, 1); (75, 1); (97, 2); (101, 1); (105, 1); (111, 1); (139, 1); (161, 1); (195, 1); (215, 1); (227, 1); (233, 2); (249, 1); (261, 1); (269, 1); (271, 2); (279, 1); (283, 1); (301, 1); (20, 1); (66, 1); (80, 1); (96, 1); (108, 1); (134, 1); (146, 1); (152, 1); (154, 1); (158, 1); (166, 1); (186, 1); (202, 1); (224, 1); (238, 1); (244, 1); (250, 1); (260, 1); (264, 2); (274, 1); (292, 1); (300, 1)
computer: (5, 1); (7, 1); (11, 1); (15, 1); (17, 1); (19, 1); (21, 1); (27, 1); (29, 1); (35, 1); (39, 1); (41, 1); (49, 1); (51, 1); (53, 1); (65, 1); (69, 1); (73, 1); (75, 1); (77, 1); (85, 1); (87, 1); (91, 1); (105, 1); (111, 1); (113, 1); (115, 1); (117, 1); (121, 1); (123, 1); (129, 1); (131, 1); (133, 1); (137, 1); (139, 1); (141, 1); (145, 1); (147, 1); (149, 1); (153, 1); (157, 1); (159, 1); (161, 1); (163, 1); (167, 1); (169, 1); (171, 1); (173, 1); (183, 1); (187, 1); (193, 1); (195, 1); (199, 1); (203, 1); (205, 1); (207, 1); (209, 1); (211, 1); (215, 1); (223, 1); (227, 2); (231, 1); (233, 1); (237, 1); (239, 1); (243, 1); (251, 1); (255, 1); (261, 1); (263, 1); (265, 1); (267, 1); (269, 1); (271, 1); (277, 1); (279, 1); (283, 1); (285, 1); (287, 1); (289, 1); (291, 1); (295, 1); (297, 1); (301, 1); (303, 1); (2, 1); (4, 1); (6, 1); (8, 1); (12, 1); (16, 1); (18, 1); (24, 1); (26, 1); (28, 1); (30, 1); (42, 1); (44, 1); (46, 1); (50, 1); (56, 1); (58, 1); (60, 1); (66, 1); (70, 1); (78, 1); (80, 1); (82, 1); (84, 1); (86, 1); (88, 1); (90, 1); (92, 4); (94, 1); (96, 1); (100, 1); (104, 1); (106, 1); (108, 1); (114, 1); (126, 1); (130, 1); (132, 1); (134, 1); (142, 1); (144, 1); (146, 1); (148, 2); (150, 1); (152, 1); (154, 1); (158, 1); (162, 1); (164, 1); (166, 1); (170, 1); (172, 1); (174, 1); (178, 1); (186, 1); (188, 1); (190, 1); (198, 1); (202, 1); (204, 1); (208, 1); (214, 1); (218, 1); (224, 1); (228, 1); (230, 2); (234, 1); (238, 2); (242, 1); (244, 1); (246, 1); (250, 2); (254, 1); (258, 1); (260, 1); (264, 2); (266, 1); (270, 1); (274, 1); (278, 1); (280, 1); (282, 1); (288, 1); (290, 1); (292, 1); (294, 1); (298, 1); (300, 1); (304, 1)
4k: (5, 1); (11, 1); (231, 1); (261, 1); (134, 1); (162, 1); (186, 1); (284, 1)
bt5.1: (5, 1); (234, 1)
ethernet: (5, 1); (119, 1); (261, 1); (134, 1); (162, 1); (284, 1)
fujitsu: (7, 1)
p757: (7, 1)
hard: (7, 1)
driv: (7, 1)
32gb: (7, 1); (49, 1); (143, 1); (269, 1); (301, 1); (146, 1); (300, 1)
memor: (7, 1); (33, 1); (211, 1); (233, 1); (245, 1)
tower: (7, 1); (274, 1)
lenov: (9, 1); (25, 1); (55, 1); (61, 1); (79, 1); (81, 1); (89, 1); (103, 1); (115, 1); (167, 1); (173, 1); (189, 1); (219, 1); (221, 1); (253, 1); (259, 2); (289, 1); (293, 1); (295, 1); (44, 1); (46, 1); (52, 1); (56, 1); (80, 1); (82, 1); (94, 1); (112, 1); (150, 2); (168, 2); (196, 1); (216, 1); (222, 1); (226, 1); (232, 1); (246, 1); (260, 1)
zain: (9, 1); (19, 1); (51, 1); (77, 1); (129, 1); (137, 4); (147, 3); (153, 4); (155, 2); (159, 1); (171, 1); (187, 7); (205, 5); (225, 2); (247, 3); (287, 1); (38, 1); (72, 1); (76, 2); (86, 1); (98, 2); (104, 5); (170, 1); (172, 1); (174, 1); (204, 1); (212, 1); (230, 2); (252, 1); (266, 1); (282, 5); (298, 1)
128: (11, 1); (197, 1); (223, 1); (102, 1)
emmc: (11, 1); (63, 1); (211, 1); (297, 1); (114, 1); (276, 1)
n4000: (11, 1); (99, 1); (175, 1); (223, 1); (254, 1)
2: (11, 1); (15, 1); (43, 1); (53, 1); (73, 1); (127, 1); (189, 1); (191, 1); (223, 1); (245, 1); (8, 1); (14, 1); (16, 1); (40, 1); (46, 1); (114, 1); (130, 1); (164, 1); (168, 1); (214, 1); (242, 1); (284, 1); (302, 1); (304, 1)
w: (11, 1); (33, 1); (251, 1); (246, 1)
2.4g: (11, 1); (23, 1); (35, 1); (41, 1); (209, 1); (215, 1); (2, 1); (30, 1); (142, 1); (156, 1); (198, 1)
4.2: (11, 1); (23, 1); (209, 1); (32, 1); (40, 1); (102, 1); (134, 1); (236, 1)
accension: (11, 1)
automat: (11, 1)
htpc: (11, 1)
acer: (13, 1); (71, 1); (79, 1); (213, 1); (219, 1); (22, 1); (24, 1); (46, 1); (64, 1); (96, 1); (112, 1); (226, 1)
a315: (13, 1); (213, 1); (22, 1); (24, 1)
24p: (13, 1)
r8dk: (13, 1)
processor: (13, 1); (29, 1); (41, 1); (43, 1); (67, 1); (71, 1); (117, 1); (169, 1); (211, 1); (213, 1); (229, 1); (297, 1); (22, 1); (64, 1); (96, 1); (120, 1); (214, 1)
ryzen: (13, 1); (29, 1); (285, 1); (22, 1); (52, 1); (138, 1)
512: (13, 1); (61, 1); (91, 1); (181, 1); (213, 1); (253, 1); (128, 1); (196, 1); (200, 1); (206, 1); (296, 1)
15.6: (13, 1); (19, 1); (23, 1); (29, 1); (45, 1); (71, 1); (81, 1); (107, 1); (117, 1); (127, 1); (137, 1); (147, 1); (181, 1); (189, 1); (199, 1); (205, 1); (213, 1); (237, 2); (257, 1); (273, 1); (285, 1); (287, 1); (297, 1); (303, 1); (2, 1); (4, 1); (6, 1); (22, 1); (34, 1); (38, 1); (42, 1); (98, 1); (102, 1); (106, 1); (120, 1); (170, 1); (176, 1); (182, 1); (196, 1); (200, 1); (232, 1); (234, 1); (254, 1); (256, 1); (294, 1); (296, 1); (302, 1)
grafic: (13, 1); (57, 1); (63, 1); (71, 1); (81, 1); (143, 1); (213, 1); (22, 1); (102, 1); (122, 1); (200, 1)
silver: (13, 1); (41, 1); (191, 1); (211, 1); (213, 1); (22, 1)
hp: (15, 1); (25, 1); (33, 1); (39, 1); (55, 1); (63, 1); (79, 1); (83, 1); (107, 1); (125, 1); (143, 1); (173, 1); (181, 1); (219, 1); (233, 1); (241, 1); (285, 1); (289, 1); (299, 1); (303, 1); (4, 1); (6, 1); (44, 1); (46, 1); (48, 1); (58, 1); (66, 1); (72, 1); (82, 1); (88, 2); (102, 1); (108, 1); (112, 1); (122, 1); (124, 1); (154, 1); (176, 1); (182, 1); (184, 1); (208, 1); (226, 1); (248, 1); (252, 1); (262, 1); (294, 1); (296, 1); (302, 1)
elit: (15, 1)
book: (15, 1); (17, 3); (70, 1); (78, 1)
840: (15, 1); (88, 1); (248, 1)
i5: (15, 1); (31, 1); (33, 1); (57, 1); (61, 1); (71, 1); (83, 1); (85, 1); (89, 1); (97, 1); (103, 1); (139, 1); (167, 1); (195, 1); (203, 1); (213, 1); (233, 1); (249, 1); (253, 1); (301, 1); (48, 1); (56, 1); (80, 2); (96, 1); (108, 1); (128, 1); (154, 1); (160, 1); (166, 1); (182, 1); (196, 1); (200, 1); (222, 1); (240, 1); (248, 1); (260, 1); (262, 1); (292, 1); (296, 1)
6a: (15, 1)
webcam: (15, 1); (63, 1); (107, 1); (167, 1); (16, 2); (96, 1); (102, 1); (136, 2); (244, 6); (262, 1); (296, 1)
caricabatter: (17, 1); (221, 1); (259, 1); (10, 1); (24, 1); (132, 1); (168, 1); (246, 1)
mac: (17, 3); (27, 1); (109, 1); (157, 1); (163, 1); (193, 1); (265, 1); (12, 1); (50, 1); (70, 1); (78, 1); (136, 1); (164, 1); (242, 1); (244, 1); (270, 1); (272, 1)
caric: (17, 1); (153, 1); (179, 2); (205, 1); (221, 1); (259, 1); (10, 1); (24, 1); (88, 1); (132, 1); (168, 1); (282, 1)
met: (17, 1)
2012: (17, 1)
a1466: (17, 1)
a1465: (17, 1)
mixroom: (19, 1); (51, 1); (77, 1); (86, 1); (170, 1); (298, 1)
port: (19, 2); (51, 1); (65, 1); (73, 1); (77, 1); (93, 1); (137, 1); (147, 1); (151, 1); (153, 1); (155, 1); (159, 1); (171, 2); (183, 3); (187, 1); (205, 1); (235, 1); (237, 2); (269, 1); (277, 1); (289, 1); (44, 1); (48, 1); (54, 1); (82, 1); (86, 2); (98, 1); (104, 1); (110, 1); (130, 1); (170, 2); (172, 1); (174, 1); (204, 2); (212, 1); (216, 1); (266, 1); (282, 1); (286, 1); (298, 1)
bors: (19, 1); (25, 1); (47, 1); (51, 1); (55, 2); (73, 1); (77, 1); (123, 1); (127, 1); (145, 1); (151, 1); (183, 5); (201, 2); (219, 1); (237, 3); (277, 2); (287, 1); (289, 2); (6, 1); (18, 4); (38, 1); (42, 1); (44, 3); (46, 1); (54, 1); (82, 2); (86, 1); (90, 3); (98, 1); (110, 4); (112, 2); (126, 1); (130, 3); (144, 1); (170, 1); (172, 1); (176, 1); (178, 2); (184, 1); (188, 3); (204, 1); (210, 2); (230, 1); (256, 1); (266, 1); (282, 1); (290, 4); (298, 1)
custod: (19, 1); (25, 2); (43, 1); (45, 1); (47, 1); (55, 2); (73, 3); (77, 2); (95, 2); (123, 1); (219, 1); (237, 1); (257, 1); (277, 1); (289, 1); (299, 1); (14, 1); (42, 1); (46, 1); (54, 1); (74, 1); (82, 1); (86, 1); (112, 1); (124, 1); (126, 3); (150, 1); (170, 1); (172, 1); (178, 1); (210, 1); (226, 2); (266, 1); (290, 1); (298, 1)
mult: (19, 1)
funzion: (19, 1); (243, 1)
ner: (19, 1); (25, 1); (27, 1); (47, 1); (55, 1); (95, 1); (133, 1); (137, 1); (143, 1); (145, 1); (153, 1); (157, 1); (159, 1); (161, 1); (163, 1); (171, 1); (185, 1); (205, 1); (227, 1); (239, 1); (241, 1); (251, 1); (257, 1); (263, 1); (265, 1); (299, 1); (16, 1); (18, 1); (26, 1); (36, 1); (70, 1); (72, 1); (76, 1); (90, 1); (100, 2); (104, 1); (110, 1); (116, 1); (124, 1); (126, 1); (130, 1); (178, 1); (182, 1); (188, 1); (190, 1); (192, 1); (200, 1); (204, 1); (218, 1); (226, 1); (228, 1); (258, 1); (266, 1); (270, 1); (282, 1)
z11: (19, 1)
lavor: (19, 1); (51, 1); (77, 1); (121, 1); (129, 1); (147, 1); (151, 1); (153, 1); (155, 2); (171, 1); (187, 1); (205, 1); (225, 1); (62, 1); (104, 1); (110, 1); (130, 1); (172, 1); (174, 1); (210, 1); (230, 1); (266, 1); (282, 1); (290, 1)
gaming: (21, 1); (29, 2); (49, 1); (69, 1); (105, 1); (109, 1); (139, 1); (193, 1); (195, 1); (255, 2); (273, 1); (283, 1); (301, 1); (2, 1); (50, 1); (60, 1); (64, 1); (100, 1); (138, 1); (146, 1); (152, 1); (158, 1); (166, 1); (218, 1); (234, 1); (242, 1); (244, 1); (270, 1); (292, 1); (300, 1); (304, 1)
tastier: (21, 1); (23, 1); (29, 1); (37, 1); (49, 1); (67, 1); (69, 1); (87, 1); (91, 1); (105, 1); (117, 1); (169, 1); (181, 1); (197, 1); (207, 1); (209, 1); (215, 1); (223, 1); (245, 1); (265, 2); (281, 1); (297, 1); (301, 1); (30, 1); (32, 1); (48, 1); (68, 1); (74, 1); (106, 1); (116, 1); (128, 1); (138, 1); (142, 1); (146, 1); (152, 1); (156, 1); (158, 1); (198, 1); (200, 1); (206, 1); (236, 1); (260, 1); (268, 1); (286, 1)
mous: (21, 1); (23, 1); (49, 1); (69, 1); (87, 1); (105, 1); (163, 1); (189, 1); (197, 1); (207, 1); (209, 1); (215, 1); (223, 1); (241, 1); (263, 2); (281, 1); (301, 1); (6, 1); (12, 3); (26, 2); (30, 1); (48, 1); (60, 1); (74, 1); (94, 1); (100, 1); (142, 1); (146, 1); (152, 1); (156, 1); (158, 1); (164, 3); (194, 1); (198, 1); (242, 3); (260, 1); (268, 1); (304, 3)
cuff: (21, 1); (27, 1); (49, 1); (69, 1); (105, 1); (109, 2); (157, 2); (189, 1); (193, 3); (301, 1); (50, 3); (146, 1); (152, 1); (158, 1); (258, 1)
1: (21, 1); (35, 1); (53, 2); (69, 1); (83, 1); (113, 1); (141, 1); (143, 1); (145, 1); (169, 1); (191, 1); (195, 1); (223, 1); (231, 1); (245, 1); (263, 1); (271, 1); (275, 1); (279, 1); (283, 1); (287, 1); (297, 1); (48, 1); (78, 1); (138, 1); (166, 1); (212, 1); (216, 1); (224, 1); (252, 1); (258, 1); (284, 1); (300, 1)
monitor: (21, 1); (49, 1); (57, 1); (69, 1); (83, 1); (105, 1); (113, 1); (121, 3); (189, 1); (275, 1); (291, 2); (301, 1); (8, 1); (36, 1); (48, 1); (146, 1); (148, 4); (152, 1); (158, 1); (162, 1); (190, 1); (196, 1); (202, 1); (228, 1); (232, 1); (250, 2); (272, 1); (280, 1); (302, 1)
27: (21, 1); (49, 1); (83, 1); (158, 1)
6gb: (23, 1); (281, 1); (283, 1); (32, 1); (182, 1); (198, 1); (236, 1); (268, 1)
1080: (23, 1); (35, 1); (43, 1); (67, 1); (175, 1); (199, 1); (32, 1); (68, 1); (118, 1); (156, 1); (200, 1); (254, 1)
grig: (23, 1); (45, 1); (93, 1); (44, 1); (102, 1); (124, 1); (138, 1); (156, 1); (176, 1); (184, 1); (214, 1); (234, 1); (236, 1); (252, 1)
m3: (25, 1); (47, 1); (95, 2); (133, 1); (173, 1); (92, 1); (226, 1)
m2: (25, 1); (37, 1); (47, 2); (95, 2); (107, 1); (133, 2); (173, 1); (92, 1); (226, 1); (262, 1)
m1: (25, 1); (47, 2)
a2780: (25, 1)
a2485: (25, 1)
a2141: (25, 1)
h111: (27, 1)
cabl: (27, 1); (157, 1); (263, 1); (265, 1); (12, 1); (88, 1); (258, 1)
stere: (27, 1); (109, 1); (111, 1); (117, 1); (157, 1); (169, 1); (193, 1); (251, 1); (297, 1); (50, 1)
rumor: (27, 1); (157, 1); (193, 1); (50, 1); (136, 1)
jack: (27, 1); (251, 1)
3.5: (27, 1); (251, 1); (267, 1)
tablet: (27, 1); (65, 1); (93, 1); (111, 1); (123, 1); (131, 1); (135, 1); (197, 4); (243, 1); (251, 1); (62, 1); (70, 1); (74, 2); (78, 1); (130, 1); (218, 1)
5700u: (29, 1); (22, 1)
1920x1080p: (29, 1)
6000mah: (29, 1); (197, 1)
2256: (31, 1)
x: (31, 1); (35, 1); (73, 2); (223, 1); (279, 2); (303, 1); (4, 1); (6, 1); (8, 2); (46, 1); (54, 1); (60, 1); (100, 1); (116, 1); (118, 1); (162, 1); (200, 1); (204, 2); (294, 1); (296, 1)
1504: (31, 1)
pixel: (31, 1); (303, 1); (4, 1); (294, 1)
touc: (31, 1); (245, 1); (68, 1); (122, 1); (206, 1)
elitedesk: (33, 1); (233, 1); (108, 1)
800: (33, 1); (163, 1); (233, 1); (263, 1); (108, 1)
usdt: (33, 1); (233, 1)
lan: (33, 1); (189, 1); (186, 1); (196, 1); (232, 1); (262, 1); (302, 1)
professional: (33, 1); (141, 1); (303, 1); (72, 1)
rinnov: (33, 1)
rovendex: (35, 1)
celeron: (35, 1); (63, 1); (67, 1); (81, 1); (91, 1); (99, 1); (175, 1); (207, 1); (209, 1); (211, 1); (223, 1); (229, 1); (281, 1); (0, 1); (32, 1); (40, 1); (68, 1); (102, 1); (106, 1); (114, 1); (118, 1); (206, 1); (214, 1); (236, 1); (254, 1); (268, 1); (276, 1)
hz: (35, 1); (64, 1)
bt5.0: (35, 1); (175, 1); (255, 1); (2, 1); (142, 1); (180, 1)
keyboard: (35, 1); (239, 1)
2022: (37, 1); (14, 1); (150, 1)
liquid: (37, 1); (265, 1)
archiv: (37, 1)
storag: (37, 1)
color: (37, 1); (227, 1); (291, 1); (299, 1); (138, 1); (192, 1); (204, 1); (242, 1); (252, 1)
mezzanott: (37, 1)
uso: (39, 1); (97, 1); (115, 1); (181, 1); (253, 1); (271, 1); (285, 1); (66, 2); (80, 1); (154, 1); (196, 1); (208, 1); (222, 1)
pacchett: (39, 1); (115, 1); (253, 1); (154, 1); (222, 1); (274, 1)
n5000: (41, 1)
s14: (41, 1)
5.0: (41, 1); (229, 1); (118, 1)
touchscreen: (43, 1)
metall: (43, 1); (16, 1); (180, 1); (192, 1)
9: (43, 1); (185, 1); (54, 1); (214, 1)
16gbddr4: (43, 1)
amazon: (45, 1); (89, 1); (145, 1); (52, 1)
basics: (45, 1); (145, 1)
protett: (45, 1); (55, 1); (299, 1); (14, 1); (54, 1); (112, 1); (124, 1); (126, 1); (178, 1)
mosis: (47, 1); (44, 1)
2024: (47, 1); (95, 2); (150, 1); (226, 1)
a2338: (47, 1)
a2251: (47, 1)
a2289: (47, 1)
a2159: (47, 1)
gt1030: (49, 1); (301, 1); (146, 1); (152, 1)
cpu: (49, 1); (115, 1); (175, 1); (189, 1); (227, 2); (301, 1); (68, 1); (94, 1); (146, 1); (152, 1); (192, 1); (196, 1); (208, 1); (220, 1); (232, 1); (254, 1); (274, 1); (286, 1); (302, 1)
auricol: (51, 1)
z4: (51, 1)
uffic: (53, 1); (75, 1); (77, 1); (91, 1); (119, 1); (139, 1); (147, 1); (161, 1); (171, 1); (175, 1); (183, 1); (195, 1); (199, 1); (261, 1); (263, 1); (283, 1); (26, 1); (98, 1); (142, 1); (166, 1); (180, 1); (194, 1); (210, 1); (258, 1); (270, 1); (282, 1); (292, 1); (300, 1); (304, 1)
wi: (53, 1); (63, 1); (83, 1); (107, 1); (181, 1); (203, 1); (223, 1); (279, 1); (303, 1); (4, 1); (6, 1); (48, 1); (66, 1); (80, 2); (102, 1); (128, 1); (134, 1); (182, 1); (294, 1); (296, 1)
fi: (53, 1); (63, 1); (83, 1); (107, 1); (181, 1); (203, 1); (223, 1); (279, 1); (303, 1); (4, 1); (6, 1); (48, 1); (66, 1); (80, 2); (102, 1); (128, 1); (134, 1); (182, 1); (294, 1); (296, 1)
w11: (53, 1); (115, 1); (4, 1); (58, 1); (94, 1)
imperm: (55, 1); (95, 1); (123, 1); (137, 1); (147, 1); (153, 1); (155, 1); (159, 1); (171, 1); (205, 1); (219, 1); (237, 1); (247, 1); (98, 1); (104, 1); (110, 1); (112, 1); (184, 1); (230, 1); (266, 1); (282, 1); (304, 1)
f1504za: (57, 1)
glar: (57, 1); (276, 1)
gen: (57, 1); (160, 1); (186, 1)
1235u: (57, 1); (213, 1); (200, 1); (262, 1); (296, 1)
argent: (57, 1); (87, 1); (107, 1); (207, 1); (209, 1); (229, 1); (299, 1); (2, 1); (32, 1); (122, 1); (214, 1); (240, 1); (276, 1); (288, 1); (296, 1)
i3: (59, 1); (87, 1); (122, 1); (208, 1)
1215u: (59, 1)
uhd: (59, 1); (63, 1); (71, 1); (87, 1); (261, 1); (96, 1); (102, 1); (122, 1); (134, 1); (200, 1); (220, 1); (276, 1)
v15: (61, 1); (103, 1)
83a100a6ix: (61, 1)
chromebook: (63, 1); (81, 1); (123, 1); (157, 1); (193, 1); (211, 1); (50, 1); (164, 1); (178, 1); (226, 1); (242, 1); (250, 1); (276, 1)
na0000sl: (63, 1)
lpddr4: (63, 1); (91, 1); (229, 1); (68, 1); (118, 1); (254, 1)
128gb: (63, 1); (117, 1); (169, 1); (245, 1); (297, 1); (32, 1); (74, 1); (114, 1); (240, 1)
sva: (63, 1); (102, 1)
600: (63, 1); (83, 1); (207, 1); (26, 1); (220, 1); (276, 1)
chromeos: (63, 1); (81, 1); (276, 1)
ros: (63, 1); (77, 1); (123, 1); (151, 1); (197, 1); (164, 1); (198, 1)
jumkeet: (65, 1)
appogg: (65, 1); (93, 1); (149, 1); (177, 1)
alza: (65, 1)
bas: (65, 1); (161, 1); (217, 1); (136, 1); (260, 1); (304, 1)
sblocc: (67, 1); (106, 1); (286, 1)
lcd: (71, 1); (213, 1); (22, 1); (96, 1)
protegg: (73, 1); (161, 1)
23: (73, 1)
vga: (75, 1); (113, 3); (139, 1); (195, 1); (279, 1); (283, 1); (166, 1); (202, 2); (224, 1); (250, 2); (292, 1); (300, 1)
wireless: (75, 1); (139, 1); (163, 1); (189, 1); (195, 1); (207, 1); (215, 1); (281, 1); (283, 1); (28, 1); (30, 1); (94, 1); (164, 1); (166, 1); (242, 1); (260, 2); (268, 1); (292, 1); (300, 1)
cd: (75, 1)
z29: (77, 1)
hoppac: (79, 1)
regol: (79, 1); (93, 1); (135, 1); (149, 1); (161, 1); (177, 1); (227, 1); (237, 1); (247, 1); (291, 1); (36, 1); (62, 1); (140, 1); (148, 1); (190, 1); (256, 1); (280, 1)
livell: (79, 1); (135, 1); (185, 1); (8, 1)
allumin: (79, 2); (177, 1); (185, 1); (140, 1)
integr: (81, 1); (107, 1); (220, 1)
one: (83, 1); (85, 2); (167, 1); (24, 1); (96, 1); (260, 1)
prodesk: (83, 1); (154, 1)
sff: (83, 1); (203, 1); (269, 1); (293, 1); (56, 1); (216, 1)
19: (83, 1); (101, 1); (20, 1)
pcrenewed: (85, 1); (101, 1); (20, 1)
thinkcentr: (85, 1); (167, 1); (56, 1); (216, 1)
3.30ghz: (85, 1)
prestazion: (85, 1)
potenz: (85, 1)
bvat: (87, 1); (207, 1); (156, 1); (198, 1)
2ghz: (87, 1)
arctic: (89, 1); (52, 1)
babacom: (93, 1); (177, 1)
altezz: (93, 1); (149, 1); (148, 1); (280, 1)
proelif: (95, 1)
viagg: (95, 1); (129, 1); (137, 1); (147, 1); (151, 1); (153, 1); (155, 1); (171, 1); (187, 2); (205, 1); (225, 1); (287, 1); (38, 1); (62, 1); (90, 1); (98, 1); (104, 1); (110, 1); (130, 1); (170, 1); (172, 1); (174, 1); (188, 1); (210, 1); (230, 1); (266, 1); (282, 1); (290, 1)
3.40: (97, 1)
potent: (101, 1); (20, 1)
ts: (103, 1)
pavilion: (107, 1); (88, 1); (122, 1)
controller: (109, 1)
ps5: (109, 1); (193, 1); (162, 1)
banc: (111, 1)
prolung: (113, 1); (238, 1)
masc: (113, 2)
placc: (113, 1); (202, 1); (250, 1)
m: (113, 1); (263, 1); (258, 1)
756gb: (115, 1)
jumper: (117, 1); (169, 1); (297, 1); (114, 1)
365: (117, 1); (169, 1); (297, 1); (102, 1); (114, 1)
4gb: (117, 1); (169, 1); (211, 1); (245, 1); (273, 1); (40, 1); (276, 1)
due: (117, 1); (297, 1); (86, 1)
50: (119, 1)
pezz: (119, 1); (133, 1); (267, 1); (16, 1); (92, 1)
clip: (119, 1)
scrivan: (119, 1); (121, 1); (135, 1); (149, 1); (291, 1); (8, 1); (148, 1); (194, 3); (270, 1); (280, 1)
lampad: (121, 2); (291, 3)
telecom: (121, 1)
lumin: (121, 1)
protezion: (121, 1); (281, 1); (194, 1); (268, 1)
occhi: (121, 1)
piatt: (121, 1); (173, 1); (92, 1)
lettur: (121, 1)
luc: (121, 1); (291, 1); (34, 1); (238, 1)
domis: (123, 1)
messenger: (123, 1); (183, 1); (277, 1); (287, 1); (44, 1); (54, 1)
ventiquattror: (123, 1); (130, 1)
wikinu: (125, 1)
2800mah: (125, 1)
001: (125, 2)
807957: (125, 1)
hs03: (125, 1)
807611: (125, 1)
421: (125, 2)
hstnn: (125, 2)
lb6v: (125, 1)
14.8v: (125, 1)
41wh: (125, 1)
oliv: (127, 1)
grand: (129, 1); (147, 1); (151, 1); (153, 1); (38, 1); (60, 1); (100, 1); (130, 1); (282, 1); (290, 1)
tel: (129, 1); (255, 1); (180, 1)
legam: (131, 1)
fessur: (131, 1)
tem: (131, 1)
pand: (131, 1)
manigl: (131, 1); (247, 1); (46, 1); (256, 1)
lateral: (131, 1); (36, 1)
akuoly: (133, 1); (267, 1)
vit: (133, 2); (173, 5); (267, 2); (92, 4)
lac: (135, 1)
plastic: (135, 1); (210, 1)
rialz: (135, 1); (148, 1); (190, 1); (288, 1)
casual: (137, 1); (225, 1); (295, 1); (170, 1); (174, 1)
geforc: (139, 1); (143, 1); (195, 1); (64, 1); (166, 1); (292, 1)
gt: (139, 1); (195, 1); (166, 1); (224, 1); (292, 1)
ddr3: (139, 1); (195, 1); (166, 1); (292, 1)
multimed: (141, 1)
threads: (141, 1); (264, 1)
4.0: (141, 1)
ter: (141, 1); (216, 1)
wlan: (141, 1)
usb3: (141, 1)
36: (141, 1); (216, 1)
wf1004sl: (143, 1)
14900hx: (143, 1); (64, 1)
nvid: (143, 1); (273, 1); (64, 1); (182, 1); (224, 1)
rtx: (143, 1); (273, 1); (64, 1); (182, 1); (300, 1)
freedos: (143, 1)
confezion: (145, 1); (70, 1)
lovevook: (147, 1); (171, 1); (98, 1)
travel: (147, 1)
waterproof: (147, 1)
girevol: (149, 1); (161, 1); (136, 1)
matein: (151, 1); (153, 1); (205, 1)
17.3: (151, 1); (201, 1); (230, 1); (288, 1)
tracoll: (151, 1); (277, 1); (287, 1); (18, 2); (44, 1); (54, 1); (90, 1); (110, 1); (130, 1); (176, 1); (188, 2); (210, 1); (256, 1); (290, 1)
document: (151, 1); (144, 1)
affar: (151, 1); (18, 1); (90, 1); (110, 1); (130, 1); (188, 1); (290, 1)
uomin: (155, 1); (90, 1); (110, 1); (188, 1)
vert: (163, 1)
1600: (163, 1); (164, 1)
microricevitor: (163, 1)
pulsant: (163, 1); (263, 1); (12, 1); (26, 1); (238, 1)
prestig: (165, 1)
lpddr5: (165, 1); (261, 1)
6400: (167, 1); (12, 1); (56, 1)
1200p: (169, 1)
5305u: (169, 1); (297, 1)
anno: (169, 1); (297, 1)
scompart: (171, 1); (252, 1)
531: (173, 1)
m2.5: (173, 1); (92, 1)
test: (173, 2); (92, 1)
svas: (173, 1)
samsung: (173, 1); (211, 1); (231, 1); (112, 1); (120, 1); (160, 1)
sony: (173, 1); (179, 2); (112, 1)
slot: (175, 1); (70, 1); (78, 1); (254, 1)
usb3.0: (175, 1); (142, 1); (234, 1); (254, 1)
90w: (179, 1); (88, 1)
4.7a: (179, 1)
pcg: (179, 3)
vgn: (179, 1)
c1: (179, 1)
71211m: (179, 1)
connettor: (179, 1); (132, 1); (228, 1)
fullhd: (181, 1); (128, 1)
n: (181, 1); (199, 1); (275, 1)
4500: (181, 1)
ital: (181, 1); (265, 1); (116, 1); (208, 1)
camomill: (183, 1)
voomy: (185, 1)
golf: (187, 1); (225, 1); (104, 1); (290, 1)
nuov: (189, 1); (196, 1); (232, 1); (302, 1)
8ghz: (189, 1); (302, 1)
756: (189, 1); (208, 1)
jk6y6: (191, 1)
latitud: (191, 1)
5300: (191, 2)
5501: (191, 2)
inspiron: (191, 1); (200, 1)
5400: (191, 1)
series: (191, 1); (132, 1)
cf5rh: (191, 1)
h5ckd: (191, 1)
11.25v: (191, 1)
3cell: (191, 1)
controll: (193, 1); (50, 1)
andriod: (197, 1)
gms: (197, 1)
12: (197, 1); (215, 1); (14, 1); (264, 2)
octa: (197, 1)
cam: (197, 1)
acemagic: (199, 1); (255, 1); (2, 1); (138, 1); (180, 1)
batt: (199, 1); (2, 1); (138, 1)
3.4ghz: (199, 1); (134, 1); (186, 1)
8400: (203, 1)
regal: (205, 1); (38, 1)
2.8ghz: (207, 1); (236, 1)
upto: (209, 1); (32, 1)
2.8: (209, 1); (281, 1); (32, 1)
go: (211, 1); (14, 3); (54, 1)
xe340xd: (211, 1)
os: (211, 1)
64gb: (211, 1); (276, 1)
59: (213, 1)
5067: (213, 1)
ricevitor: (215, 1); (242, 1)
scorciatoi: (215, 1)
smart: (215, 1)
android: (215, 1); (243, 1); (74, 1); (78, 1)
supplement: (217, 1)
preserv: (217, 1)
dur: (217, 1)
arvok: (219, 1); (112, 1)
310: (221, 2); (259, 1)
310s: (221, 1)
320s: (221, 1)
330: (221, 2); (259, 1)
s145: (221, 1); (259, 1)
flex: (221, 1); (245, 1); (259, 1)
design: (223, 1); (287, 1); (26, 1); (124, 1); (230, 1)
inclus: (223, 1); (102, 1); (142, 1); (182, 1)
supags: (225, 1); (104, 1); (290, 1)
perfett: (225, 1)
fren: (227, 1)
win11: (229, 1); (0, 1); (106, 1)
2.0: (229, 1); (251, 1); (255, 1); (279, 1); (118, 1); (136, 1); (220, 1); (234, 1)
pd: (231, 1)
100w: (231, 1)
5gbps: (231, 1); (284, 1)
sd: (231, 1); (243, 4); (78, 5); (296, 1)
docking: (231, 1); (284, 1)
ipad: (231, 1); (16, 1); (54, 1); (70, 1); (78, 1); (204, 1); (284, 1)
deck: (231, 1)
ally: (231, 1)
g2: (233, 1); (108, 1)
spi: (235, 1)
singol: (235, 1)
antishock: (237, 1)
sticker: (239, 1)
prixton: (245, 1)
convert: (245, 1)
f: (247, 1); (132, 1); (228, 1)
fityl: (247, 1)
pell: (247, 1); (42, 1); (194, 1); (204, 1)
arys: (251, 1)
28: (251, 1); (46, 1)
aux: (251, 1); (218, 1)
thinkpad: (253, 1); (54, 1); (168, 1); (226, 1); (246, 1)
w10: (253, 1); (80, 1); (154, 1)
chiavett: (253, 1)
n97: (255, 1); (2, 1); (180, 1); (234, 1)
510s: (259, 1)
520: (259, 1)
710: (259, 1)
adlx65clge2: (259, 1)
20v: (259, 1); (168, 1); (246, 1)
t8plus: (261, 1)
voc: (263, 1)
plug: (263, 1); (12, 1)
play: (263, 1); (12, 1)
1.8: (265, 1)
metr: (265, 1); (275, 1)
costruzion: (267, 1)
166: (267, 1)
hoken: (271, 1)
thin: (273, 1)
b13ucx: (273, 1)
144hz: (273, 1); (182, 1)
pcie4: (273, 1)
gray: (273, 1); (120, 1)
spin: (275, 1); (84, 1); (228, 1)
tripol: (275, 1); (84, 1)
topolin: (275, 1)
lunghezz: (275, 1)
190104: (275, 1)
020: (275, 1)
bagasin: (277, 1); (289, 1); (82, 1)
imbott: (277, 1); (126, 1); (184, 1); (252, 1); (256, 1)
intern: (279, 1); (72, 1); (184, 1); (224, 1); (252, 1)
dvi: (279, 1)
expansion: (281, 1); (268, 1)
bt4.2: (281, 1); (156, 1); (254, 1); (268, 1)
arc: (283, 1)
255: (285, 1); (88, 1)
g10: (285, 1)
2.4: (285, 1)
gimars: (287, 1); (270, 1)
luminosit: (291, 1)
m710s: (293, 1)
39: (295, 1); (303, 1); (294, 1)
12gb: (297, 1); (0, 1); (74, 1)
revers: (299, 1); (124, 1)
profil: (299, 1); (124, 1)
disinfett: (299, 1); (124, 1)
lavatric: (299, 1); (124, 1)
sdram: (303, 1); (4, 1); (294, 1)
2.9ghz: (0, 1)
lntel: (2, 1)
open: (4, 1); (44, 1); (230, 1)
omagg: (6, 1)
legn: (8, 1)
h142mm: (8, 1)
zenbook: (10, 1)
ux330: (10, 1)
ux360: (10, 1)
ux305: (10, 1)
q504u: (10, 2)
q302la: (10, 1)
q302u: (10, 1)
x541n: (10, 1)
gusc: (14, 1)
cloudvalley: (16, 1); (36, 1)
0.6mm: (16, 1)
phon: (16, 1)
44p: (22, 1)
3.42a: (24, 1)
e1: (24, 1); (186, 1)
e5: (24, 1)
e14: (24, 1)
e15: (24, 1)
e17: (24, 1)
v5: (24, 1)
v7: (24, 1)
5250: (24, 1)
5920: (24, 1)
5742: (24, 1)
sagom: (26, 1)
estes: (28, 1); (30, 1)
rotazion: (28, 1)
wozifan: (30, 1)
filtr: (34, 1)
magnet: (36, 1)
iphon: (36, 1); (78, 1); (284, 1)
faceetim: (36, 1)
zinz: (38, 1)
stilord: (42, 1)
cuoi: (42, 1)
foder: (42, 1)
lat: (44, 1)
handl: (44, 1)
8200: (48, 1)
10x: (48, 1)
2.5m: (50, 1)
13.6: (54, 1)
xps: (54, 1)
x13: (54, 1)
m910s: (56, 1)
titanwolf: (60, 2); (100, 2)
mapp: (60, 1)
mousepad: (60, 1); (100, 1)
sottom: (60, 1); (100, 1)
precision: (60, 1); (100, 1); (274, 1)
huanu: (62, 1)
flessibil: (62, 1)
angol: (62, 1); (106, 1); (228, 2)
tavol: (62, 1); (190, 1)
vassoi: (62, 1)
99fk: (64, 1)
sicurezz: (70, 1)
estern: (72, 1); (238, 1); (252, 1); (256, 1)
portabottigl: (72, 1)
bluetooth5.0: (74, 1)
5mp: (74, 1)
cast: (74, 1)
stackd: (76, 1)
sdxc: (78, 1)
mmc: (78, 1)
link: (84, 1); (278, 3)
stampant: (84, 1); (148, 1); (190, 1); (280, 1)
mt: (84, 1)
z1: (86, 1)
4.62a: (88, 1)
g5: (88, 1)
probook: (88, 1)
440: (88, 1)
450: (88, 1)
830: (88, 1)
850: (88, 1)
stream: (88, 1)
adaptador: (88, 1)
cartell: (90, 1); (188, 1)
c24: (96, 1)
1800: (96, 1)
scolast: (98, 1)
ultrason: (100, 1)
fq3006sl: (102, 1)
ddr: (102, 1)
modalit: (102, 1)
s: (102, 1); (160, 1)
tram: (106, 1)
taygeer: (110, 1)
periboard: (116, 1)
331: (116, 1)
forbic: (116, 1)
grandezz: (116, 1)
bianc: (116, 1); (280, 1)
insolux: (118, 1); (254, 1)
2.7: (118, 1)
book4: (120, 1)
x360: (122, 1)
ek1002sl: (122, 1)
pcle: (122, 1)
edge: (122, 1)
geometr: (124, 1)
12th: (128, 1); (134, 1); (186, 1); (208, 1)
12v: (132, 2)
2a: (132, 2)
herobook: (132, 1)
larkbook: (132, 1)
tecl: (132, 1)
ast: (132, 1)
95: (134, 1)
gigabit: (134, 1); (284, 1)
y: (136, 1)
videocamer: (136, 1)
stud: (136, 1)
confert: (136, 1)
5825u: (138, 1)
dissip: (140, 1)
marc: (140, 1)
pien: (142, 1)
nylon: (144, 1)
compart: (144, 1)
bracwiser: (148, 1); (280, 1)
20kg: (148, 1)
mst003: (148, 1)
15amn8: (150, 1)
15irh8: (150, 1)
15iru8: (150, 1)
book3: (160, 1)
super: (160, 1)
pen: (160, 1)
1340p: (160, 1)
adauxter: (162, 1)
8k: (162, 1)
5m: (162, 1)
8k60hz: (162, 1)
box: (162, 1)
leadsail: (164, 1)
smooth: (164, 1)
t470: (168, 1); (246, 1)
t470s: (168, 1)
t460: (168, 1); (246, 1)
t440: (168, 1); (246, 1)
e570: (168, 1); (246, 1)
e560: (168, 1); (246, 1)
11s: (168, 1)
adlx65nlc3a: (168, 1)
sconfitt: (180, 1)
victus: (182, 1)
fa1003sl: (182, 1)
12500h: (182, 1)
5.3: (182, 1); (264, 1)
gam: (182, 1)
pass: (182, 1)
prelud: (184, 1); (252, 1)
10kg: (192, 1)
209mm: (192, 1)
aoth: (194, 1)
assorbent: (194, 1)
film: (198, 1)
lingu: (198, 1)
silicon: (198, 1)
hdtv: (202, 1); (250, 1)
collezion: (204, 1)
classic: (204, 1)
30: (204, 1)
bologn: (210, 1)
ricicl: (210, 1); (252, 1)
lapt: (212, 1)
unisex: (212, 1)
pacc: (212, 1)
16g: (214, 1)
8700: (216, 1)
gxt: (218, 1)
620: (218, 1)
axon: (218, 1)
rgb: (218, 1)
300: (220, 1)
vide: (220, 1); (224, 1)
licenz: (220, 1)
tecool: (226, 1)
ret: (228, 1)
impiant: (228, 1)
iec: (228, 1)
c13: (228, 1)
bookbag: (230, 1)
verd: (230, 1)
1256: (232, 1)
print: (232, 1)
1080fhd: (236, 1)
avvi: (238, 1)
2.3ghz: (240, 1)
inch: (240, 1)
english: (240, 1)
tqq: (242, 1)
ricaric: (242, 1)
telecamer: (244, 1)
twitc: (244, 1)
65: (246, 1)
e550: (246, 1)
g50: (246, 1)
z50: (246, 1)
x240: (246, 1)
adlx455555550: (246, 1)
ndc3a: (246, 1)
g1: (248, 1)
250gb: (248, 1)
unidirezional: (250, 1)
pi: (250, 1)
sc: (256, 1)
1560: (256, 1)
van: (256, 1)
teams: (258, 1)
ideacentr: (260, 1)
h: (260, 1)
500gb: (262, 1)
nuc: (264, 1)
kern: (264, 1)
km07: (266, 1)
2pcs: (270, 1)
poggiapols: (270, 2); (304, 1)
bracciol: (270, 1)
arzop: (272, 1)
dp: (274, 1)
graphics: (276, 1); (286, 1)
sp30: (278, 1)
bombolett: (278, 1)
spray: (278, 1)
ari: (278, 1)
compress: (278, 1)
puliz: (278, 2)
piattaform: (280, 1)
20: (280, 1)
50l: (282, 1)
pd100w: (284, 1)
max: (284, 1)
1195g7: (286, 1)
fq5007sl: (296, 1)
4060: (300, 1)
pendriv: (302, 1)
packs: (304, 1)
